10 0.9 117.89040798611111 327.59751407910676 1044.47607421875 1.924072265625 0 0
20 0.7 1.95556640625 0.08802605745404182 1044.47607421875 1.8330078125 117.89040798611111 9
30 0.8 2.140411376953125 0.13724913239660833 1044.47607421875 1.8330078125 67.16891479492188 16
40 0.8 2.006622314453125 0.09556916164103472 1044.47607421875 1.7900390625 45.49274698893229 24
50 2.5 1.95765625 0.1811943505456992 1044.47607421875 1.50390625 34.6212158203125 32
60 1.9 2.0286030016447367 0.18251386856469864 1044.47607421875 1.50390625 20.295093201754387 57
70 2.6 2.0739652193509617 0.3128507954631897 1044.47607421875 1.50390625 15.728470651726974 76
80 4 1.85576171875 0.1715270525890813 1044.47607421875 1.50390625 12.247910443474264 102
90 4.2 1.9529796781994044 0.28980954947107057 1044.47607421875 1.486083984375 9.320544605523768 142
100 5.3 1.8271254053655661 0.21707104477801498 1044.47607421875 1.469970703125 7.638817828634511 184
110 9 1.6923366970486111 0.13760214534569803 1044.47607421875 1.462890625 6.339156653810654 237
120 8.2 1.8171684451219512 0.21822148915533074 1044.47607421875 1.423095703125 5.06021538130734 327
130 11.6 1.965872929014009 0.4917386098614459 1044.47607421875 1.423095703125 4.410020152047678 409
140 15.2 2.0347065172697376 0.9658131963227088 1044.47607421875 1.423095703125 3.8699800037202383 525
150 14.3 2.0283220197770997 0.8081730707409954 1044.47607421875 1.423095703125 3.457924508978029 677
160 25.9 1.769714119811776 0.38196961679218605 1044.47607421875 1.2421875 3.208615782202745 820
170 24.4 79.60697661853229 412.66976389314465 3004.5859375 1.2421875 2.8632260411839674 1079
180 13 448.7182579627405 1349.8055318458607 7017.662841796875 1.2421875 17.017024333604972 1323
190 13.4 1116.0929847831162 3088.813638298718 15049.703125 1.212890625 55.641360446328726 1453
200 16.3 1066.1796979845667 3268.6384045357077 31051.60400390625 1.201904296875 145.18169923721058 1587
210 13.1 1554.2533098759543 4263.387372260349 31062.551025390625 1.077880859375 230.9660842633929 1750
220 16.8 2842.560379754929 7099.1094468341 31094.43310546875 1.077880859375 323.12484372923313 1881
230 16.1 2685.351817255435 7659.358722721122 31094.43310546875 1.077880859375 529.6964250139168 2049
240 20 6747.839904785156 15437.12856335928 63161.087890625 1.077880859375 686.737383453231 2210
250 21 6071.708866954985 14543.897915613741 63172.62109375 1.077880859375 1189.7334433148017 2410
260 20.1 7848.5969420475785 15209.095143200846 63172.62109375 1.077880859375 1581.0368169653507 2620
270 21.6 16981.151250768595 15494.727985396521 63181.85693359375 1.077880859375 2027.608807444446 2821
280 22 26584.499985573522 16097.523165092689 63181.85693359375 1.077880859375 3091.146893634112 3037
290 23 36959.25216754416 18006.422384241756 63181.85693359375 1.077880859375 4678.048238499531 3257
300 15.9 49992.6472459709 21037.398795085788 63181.85693359375 1.077880859375 6807.293120541476 3487
310 17.1 50272.31656187183 19459.45827117224 63181.85693359375 1.077880859375 8690.582014107926 3646
320 21.2 57673.646541955335 16007.373574333209 63181.85693359375 1.077880859375 10553.426291725853 3817
330 11.3 41278.74181588772 28238.618704341934 63181.85693359375 1.077880859375 13032.822343611842 4029
