10 1.1 358.9695490056818 369.5412804094266 1487.515869140625 8.840087890625 0 0
20 3.3 176.8924005681818 113.33807532441182 1487.515869140625 7.0771484375 358.9695490056818 11
30 3 260.0400553385417 118.5884616644224 1487.515869140625 7.0771484375 222.4116876775568 44
40 6.7 782.3941267782183 712.5696253434568 2860.958984375 7.0771484375 237.66643132390203 74
50 8 1668.8889190673829 697.6878936639778 3189.928955078125 7.0771484375 496.50866958942817 141
60 6.9 2797.5730723505435 990.1707890525433 4991.198974609375 7.0771484375 920.8997101244344 221
70 7.3 4402.597104425299 1404.3613552800164 7521.510009765625 7.0771484375 1367.4185445851292 290
80 8.1 6239.168933256173 1843.0065046056968 11032.385009765625 7.0771484375 1977.7988059303977 363
90 15.2 5251.613984760485 4962.98515024427 14806.467041015625 1.307861328125 2755.210923753343 444
100 25.6 3776.111370086668 6021.0239156511725 19513.921142578125 1.17822265625 3391.877476224963 596
110 36.8 2888.2682972783628 5818.685401717711 21383.632080078125 1.17822265625 3507.32803588294 852
120 39.8 2573.8368091679095 5475.580100764692 22204.721923828125 1.17822265625 3320.595262271068 1220
130 62.9 1718.5235861579627 4782.315249564916 22861.205810546875 1.17822265625 3136.9056056981026 1618
140 79.7 1361.9778227189868 4400.2739690164935 23262.159912109375 1.17822265625 2739.8596376114324 2247
150 89.8 1176.7643374164809 4001.7009708882 24568.64599609375 1.166015625 2379.0936039487256 3044
160 116.2 897.9067128586884 3454.565543313529 24568.64599609375 1.166015625 2105.1992149720754 3942
170 93.9 1674.0701928996923 4317.282614493223 24568.64599609375 1.159912109375 1830.3414784015904 5104
180 91.4 2456.757639945466 5271.8755610885255 24568.64599609375 1.159912109375 1806.0590463171484 6043
190 94.7 3139.2020218556127 6232.2133490905735 25407.036865234375 1.159912109375 1891.5468305023262 6957
200 99.9 2545.8821348203687 5371.8436906566885 34495.10009765625 1.159912109375 2041.0318338185664 7904
210 97 2640.5790517276077 5657.475140363071 39096.9521484375 1.159912109375 2097.680766841233 8903
220 103.1 2695.5980216321364 6034.753836322169 46585.47900390625 1.151123046875 2151.019299844351 9873
230 93.4 2816.579756873577 6176.176536519266 46585.47900390625 1.151123046875 2202.5105564624 10904
240 99.7 3628.8315297454865 9033.491946364073 71611.30883789063 1.151123046875 2250.9596722914284 11838
250 96.6 3909.713804256842 9730.456714759845 83725.93994140625 1.151123046875 2357.990310536983 12835
260 98.1 4226.553413290012 11153.791595043722 83725.93994140625 1.151123046875 2466.603084606498 13801
270 100 4802.287639892576 12467.324614809191 83725.93994140625 1.151123046875 2583.4013035510607 14782
