10 1.6 246.75895690917972 271.418782107932 1207.555908203125 8.840087890625 0 0
20 3.9 149.66384965945514 100.65703936255083 1207.555908203125 7.0771484375 246.75895690917972 16
30 3.9 200.01296449318906 121.72718138994809 1207.555908203125 7.0771484375 177.9096990411932 55
40 8.6 671.4055573219476 544.1126820846887 1841.21484375 3.5029296875 187.0802027925532 94
50 9.7 1327.9077098099222 423.5790622368805 2113.8330078125 3.5029296875 418.48009440104164 180
60 9.7 2139.4606254027067 556.4029582559951 3418.581787109375 3.5029296875 736.9439164034294 277
70 10.2 3448.112802542892 317.28153888166395 4210.16796875 3.5029296875 1100.698250020889 374
80 11.3 5138.250170682381 783.2819021669504 6570.01611328125 3.5029296875 1603.7156541327467 476
90 19.2 4462.266248067223 3869.7316556906476 9419.4921875 1.200927734375 2281.8182014504187 589
100 32.1 3093.170502944898 4633.359015184829 10835.57421875 1.139892578125 2817.8566456891213 781
110 45 2275.1351839192675 4397.627437242084 11874.216064453125 1.139892578125 2898.0524244360395 1102
120 49.1 2169.145115496915 4455.2101294629765 12208.72119140625 1.131103515625 2717.4385338222846 1552
130 80.2 1326.874808827541 3568.0791659054626 12208.72119140625 1.131103515625 2585.6656173280326 2043
140 100.1 1034.2625087315027 3346.208589591089 12760.843994140625 1.131103515625 2230.8149219264883 2845
150 112.2 973.6052676930148 3293.332423340582 12760.843994140625 1.131103515625 1919.3877337808356 3846
160 144.9 758.4312381046732 2840.3465510846167 12760.843994140625 1.131103515625 1705.787104362451 4968
170 120.2 1369.0281460424026 3415.452757386565 12760.843994140625 1.131103515625 1491.8680377881142 6417
180 116.3 1992.9104008104737 4354.391663263288 14429.177978515625 1.131103515625 1472.4883882437719 7619
190 119.8 2410.4634653132816 5044.281144299604 25407.036865234375 1.131103515625 1541.4078599603597 8782
200 127.4 1969.7599465266876 4259.633281125131 25407.036865234375 1.131103515625 1645.7293644907006 9980
210 124.4 2185.007498885274 4966.873803196807 39096.9521484375 1.131103515625 1682.4109853822813 11254
220 128.5 2062.570320099708 4806.344530770111 41814.23095703125 1.105224609375 1732.437394631579 12498
230 117.1 2269.0186382915886 5275.306486272436 41814.23095703125 1.105224609375 1763.2159485912791 13783
240 124.4 2866.2655604322626 7886.988153070099 71609.49584960938 1.105224609375 1802.8237424684398 14954
250 121.7 3443.6349726530425 9167.081713718253 83725.93994140625 1.105224609375 1884.495653911025 16198
260 123.3 3259.7733299830834 9437.048281055248 83725.93994140625 1.105224609375 1993.45187274014 17415
270 125.1 3987.7065499943797 11397.318350989923 83725.93994140625 1.105224609375 2077.1806563512805 18648
