40 0.2 30463.35595703125 643.468994140625 31106.824951171875 29819.886962890625 0 0
50 0.1 24790.756103515625 0.0 31106.824951171875 24790.756103515625 30463.35595703125 2
60 0.2 38800.989013671875 7599.847900390625 46400.8369140625 24790.756103515625 28572.489339192707 3
70 0.1 56536.8798828125 0.0 56536.8798828125 24790.756103515625 32663.889208984376 5
80 0.3 61081.60693359375 7624.575739913971 70287.1669921875 24790.756103515625 36642.72098795573 6
90 0.3 68326.1319173177 10484.996753972562 81710.82495117188 24790.756103515625 44789.016303168406 9
100 0.9 62207.15744357639 10568.383798024295 81710.82495117188 24790.756103515625 50673.29520670573 12
110 1.2 65901.00693766277 16190.65975363627 96442.90405273438 24790.756103515625 55616.37902250744 21
120 1.5 60541.16988932292 22446.404146784633 100951.56909179688 14808.47802734375 59356.24371892756 33
130 2.7 64149.9134837963 21446.106911929997 111378.84619140625 14808.47802734375 59726.53314717611 48
140 4 55004.65079345703 25168.307680340044 111378.84619140625 12039.09814453125 61318.95006835937 75
150 4.7 59847.753932222404 27858.290125793515 140873.841796875 12039.09814453125 59122.67205969769 115
160 5.9 54784.500595868645 30084.63364261001 140873.841796875 11562.616943359375 59333.035319010414 162
170 6.8 54115.488094554225 26222.787631659303 140873.841796875 10510.489013671875 58118.720619167136 221
180 9.2 55928.85905920941 27356.057009764038 140873.841796875 10510.489013671875 57176.783554552334 289
190 10.7 62890.829968603975 27858.972266974506 143941.89501953125 10510.489013671875 56875.44745593934 381
200 11.8 65865.42300259863 24368.368917761003 166908.91821289063 10510.489013671875 58194.39403146212 488
210 12.8 71175.33250045775 23722.70602425798 166908.91821289063 10510.489013671875 59688.09274201346 606
220 12.5 72789.72464843754 23819.099264483553 166908.91821289063 10510.489013671875 61691.31711405824 734
230 11.2 73573.96250479559 25032.579825720575 166908.91821289063 10510.489013671875 63306.33567261168 859
240 12.8 78803.91302680969 24541.22185683433 166908.91821289063 10510.489013671875 64490.65514244135 971
250 12.6 78952.0052025205 27776.48968541289 166908.91821289063 10510.489013671875 66157.71338557069 1099
260 11.7 85933.8281917735 31124.529676672526 191452.90991210938 10510.489013671875 67473.69768674267 1225
270 11.9 84561.1719837349 29003.86618281211 191452.90991210938 10510.489013671875 69083.11293941674 1342
