10 5.05 5.05
20 8.78203125 13.83203125
30 1.89453125 15.7265625
40 1.7609375 17.4875
50 5.2875 22.775
60 3.796875 26.571875
70 5.015625 31.5875
80 20.06171875 51.64921875
90 28.39453125 80.04375
100 58.87109375 138.91484375
110 112.125 251.03984375
120 113.95546875 364.9953125
130 137.99296875 502.98828125
140 190.05078125 693.0390625
150 203.35703125 896.39609375
160 279.51015625 1175.90625
170 265.034375 1440.940625
180 245.5375 1686.478125
190 225.07421875 1911.55234375
200 238.43046875 2149.9828125
210 212.46953125 2362.45234375
220 215.89609375 2578.3484375
230 216.79921875 2795.14765625
240 231.0703125 3026.21796875
250 213.42890625 3239.646875
260 204.32890625 3443.97578125
270 221.7546875 3665.73046875
280 226.12890625 3891.859375
290 221.425 4113.284375
300 203.95234375 4317.23671875
310 211.365625 4528.60234375
320 213.23828125 4741.840625
330 210.496875 4952.3375
