10 377.98125 377.98125
20 915.14921875 1293.13046875
30 978.903125 2272.03359375
40 1817.0234375 4089.05703125
50 2476.42734375 6565.484375
60 2699.3765625 9264.8609375
70 2651.84609375 11916.70703125
80 2589.74453125 14506.4515625
90 2433.87734375 16940.32890625
100 2387.64765625 19327.9765625
110 2561.03359375 21889.01015625
120 2909.1375 24798.14765625
130 2726.1390625 27524.28671875
140 2849.01796875 30373.3046875
150 2745.9390625 33119.24375
160 3160.84609375 36280.08984375
170 2623.17109375 38903.2609375
180 2952.33671875 41855.59765625
190 3025.1421875 44880.73984375
200 2800.79609375 47681.5359375
210 2717.284375 50398.8203125
220 2915.50234375 53314.32265625
230 2763.99453125 56078.3171875
240 3056.5015625 59134.81875
250 2713.63828125 61848.45703125
260 2540.453125 64388.91015625
270 3019.78046875 67408.690625
