10 1.1 186.11829723011363 377.4961372892312 1044.346923828125 1.092041015625 0 0
20 1 7.071484375 10.99113325734017 1044.346923828125 1.092041015625 186.11829723011363 11
30 0.9 3.5230034722222223 3.9594894189547523 1044.346923828125 1.092041015625 100.85791015625 21
40 1.6 3.126861572265625 4.693494812161746 1044.346923828125 0.94091796875 71.65743815104166 30
50 2.3 2.8447690217391304 4.038049602888964 1044.346923828125 0.924072265625 47.82071586277174 46
60 2 3.38170166015625 4.302127908276768 1044.346923828125 0.924072265625 32.82873358242754 69
70 2.8 1.2555977957589286 0.32472052248335814 1044.346923828125 0.8779296875 26.21142303809691 89
80 4.6 1.2121582031249998 0.1822192875694188 1044.346923828125 0.8779296875 20.239088792067307 117
90 4.1 1.1422923018292683 0.22628057536732046 1044.346923828125 0.8779296875 14.869525558378067 163
100 6.5 2.4309382512019235 3.157723454190711 1044.346923828125 0.864013671875 12.110620835248161 204
110 7.9 1.8469145569620253 2.3911483804135365 1044.346923828125 0.595947265625 9.771664077021375 269
120 9.9 1.0972690774936869 0.6736582979240585 1044.346923828125 0.595947265625 7.97265484689296 348
130 15 1.082425130208334 0.2348475237309317 1044.346923828125 0.595947265625 6.449918401321309 447
140 16.5 1.2083570075757573 0.1996727509862438 1044.346923828125 0.595947265625 5.1013020015441795 597
150 16.5 1.016625236742424 0.1739512307444479 1044.346923828125 0.595947265625 4.258341471354167 762
160 32.3 0.9879857113486842 0.2249785358928 1044.346923828125 0.586181640625 3.6813369635753777 927
170 12.8 297.6324806213379 851.2863383970882 7006.35107421875 0.586181640625 2.985375 1250
180 11.1 1037.8932291666665 2816.459190939489 15030.327880859375 0.586181640625 30.354627191241836 1378
190 14.4 821.2596876356337 2458.8429319354227 15035.47607421875 0.586181640625 105.46328052856363 1489
200 15.7 1531.5149921004179 5065.190731925497 31064.51318359375 0.586181640625 168.58311067150183 1633
210 16.5 1834.6422067353217 6044.374712854548 31079.408935546875 0.469970703125 288.12518071861905 1790
220 16.4 1570.8082870855574 6272.860752025965 31079.408935546875 0.469970703125 418.6496355998242 1955
230 15 2746.1690218098965 8314.216948594782 63160.68994140625 0.469970703125 507.82095171292485 2119
240 17 3124.1694766773885 9706.115473448497 63160.68994140625 0.469970703125 655.7946011243598 2269
250 19.7 2111.3555815256195 7826.267215935259 63160.68994140625 0.448974609375 827.8420504248988 2439
260 19.5 10822.100767477965 16782.81611740309 63164.373046875 0.448974609375 923.7647232727145 2636
270 16.6 18540.426593091106 12612.598531748896 63164.373046875 0.448974609375 1605.5646274126027 2831
280 24.5 35597.37414600604 18351.161479948605 63164.373046875 0.448974609375 2543.564989875943 2997
290 21.7 47252.02517011087 18923.11897555162 63165.09716796875 0.448974609375 5041.462350533523 3242
300 20.9 54298.13719418174 17885.826866412925 63165.09716796875 0.448974609375 7689.537554883997 3459
310 20.4 50268.721513336764 21504.410801303366 63165.09716796875 0.448974609375 10345.262016337985 3668
320 18.3 52108.46074405525 22638.3487916563 63165.1240234375 0.448974609375 12448.667423721183 3872
330 12.8 30617.305057525635 29140.018322931468 63165.1240234375 0.448974609375 14238.492868264004 4055
340 13.7 36400.33251418512 28386.860079891863 63165.1240234375 0.448974609375 14739.68530436859 4183
350 15.7 16685.6593491864 18979.667947741647 63165.1240234375 0.448974609375 15426.608607087308 4320
360 13.8 16965.927302706077 20234.138762208073 63165.1240234375 0.448974609375 15470.761157122948 4477
370 16.3 11325.993456132566 14223.612553726729 63165.1240234375 0.448974609375 15515.47035064201 4615
380 15.4 9685.975246677153 14223.672595272956 63165.1240234375 0.448974609375 15372.547635320738 4778
390 20.4 13056.551875095742 18040.043572377443 63165.1240234375 0.448974609375 15194.986372577203 4932
400 17.2 5643.426478186319 12599.706422576268 63165.1240234375 0.448974609375 15110.048553752005 5136
