10 2.7 363.8392198350695 307.6244221633446 1154.41796875 4.989013671875 0 0
20 3.2 250.1431427001953 193.2771566999351 1154.41796875 4.984130859375 363.8392198350695 27
30 3.9 170.79048978365384 98.38877757393969 1154.41796875 4.984130859375 302.17355088056144 59
40 5.5 481.8961603338068 417.3811082818563 1804.89208984375 4.947998046875 249.88845513791455 98
50 8.6 769.549427121185 450.93970904937356 1913.673828125 4.947998046875 333.2899177900327 153
60 7.9 1609.1610462816457 915.1999006690115 4198.447998046875 4.947998046875 490.2703270054264 239
70 8.6 3159.8177376680596 1047.0907703316695 6180.245849609375 4.947998046875 768.2337446872546 318
80 8.6 5596.718596702398 1761.7326325436636 10093.134033203125 4.947998046875 1277.3333075495052 404
90 12.8 5784.141546249389 3880.3972115938996 13151.930908203125 0.7041015625 2035.4295011559313 490
100 25.3 3820.3458604171806 5484.204297107162 18082.743896484375 0.60302734375 2811.861769395353 618
110 32.4 3277.903902783808 5560.438581385227 20488.386962890625 0.60302734375 3104.7968727576063 871
120 46 2190.966223675274 4784.836218827786 21148.132080078125 0.60302734375 3151.731331107807 1195
130 63.4 1658.6038664327434 4560.229958190186 21718.0 0.596923828125 2884.69087828668 1655
140 84.5 1300.587188540126 3997.617705465961 21718.0 0.595947265625 2545.0931650864195 2289
150 94 1146.4058357401063 3719.739403605017 21718.0 0.577880859375 2209.545127376905 3134
160 119.5 898.6875328925858 3239.151357329473 21718.0 0.476806640625 1964.2454380939912 4074
170 95.1 1699.9977372708 4123.537567347777 22089.135986328125 0.476806640625 1722.5787657243425 5269
180 93.4 2459.5379361595797 5330.470795067735 23013.31689453125 0.476806640625 1719.126264428632 6220
190 94.4 2825.971159595555 5919.883635598101 30343.724853515625 0.476806640625 1815.7916965500613 7154
200 96.9 2634.442362404459 5501.150751499377 33528.76513671875 0.476806640625 1933.5503299305192 8098
210 100.6 2669.1420226201385 5622.617030057814 39079.902099609375 0.476806640625 2008.4554120378589 9067
220 97.8 2894.672373765815 6327.633588498545 39587.68310546875 0.476806640625 2074.438806284436 10073
230 85.8 2654.585705310317 5580.203908752692 48099.694091796875 0.476806640625 2147.0284750019086 11051
240 99.9 2873.984571241163 6270.347510402478 71179.44799804688 0.476806640625 2183.596121622499 11909
250 100.9 2953.934883412567 7073.810959379573 71179.44799804688 0.476806640625 2237.027951586014 12908
260 100.1 3226.221980168269 9079.288478419803 71179.44799804688 0.476806640625 2289.0046056215815 13917
270 95.4 3862.8593345658073 9639.454236581187 104655.84594726563 0.476806640625 2351.892029667783 14918
280 94.7 5435.988901527023 12225.418628966461 105723.88110351563 0.476806640625 2442.7099989768 15872
290 102.3 8441.655274630752 18733.90197367375 105723.88110351563 0.476806640625 2611.2476718892835 16819
300 106.3 11052.332682138549 23008.06636724863 114157.4609375 0.476806640625 2945.5435455359893 17842
310 105.4 11512.30666309336 24546.630418346896 114157.4609375 0.476806640625 3401.3762274830156 18905
320 108.1 11030.08746964617 25050.672609610774 116141.31201171875 0.476806640625 3829.700325841315 19959
330 106.1 11634.437144488913 26647.792745223516 116629.02587890625 0.476806640625 4199.644171014939 21040
340 97.7 9563.92649368082 23921.396883550777 117575.40991210938 0.476806640625 4556.565366655675 22101
350 100.3 7241.820641590853 19331.842988046283 119178.669921875 0.476806640625 4768.550452932803 23078
360 95 6698.598888774673 20512.557630816675 176697.19799804688 0.476806640625 4871.5648626011725 24081
370 101.3 6374.613810743539 20553.392442839682 177243.83911132813 0.476806640625 4940.90617237165 25031
380 91.1 4884.574329430651 15517.188459008283 177243.83911132813 0.476806640625 4996.671255986714 26044
390 98 6627.028415975759 20527.607182112522 177243.83911132813 0.476806640625 4992.88270840398 26955
400 92.2 7017.214714265439 23383.483477219153 179218.15014648438 0.476806640625 5050.210891451066 27935
