10 3.4 288.9117072610294 272.0125148314891 1154.41796875 4.989013671875 0 0
20 3.8 210.62712659333883 162.22509072305493 1154.41796875 4.984130859375 288.9117072610294 34
30 4.6 144.78628672724184 91.66016089283917 1154.41796875 1.968994140625 247.5948452419705 72
40 7.1 373.27603364326586 348.54810399941994 1373.947998046875 1.968994140625 207.51693260063558 118
50 10.8 612.7675080475981 375.3774338430572 1523.35791015625 1.968994140625 269.78622452670305 189
60 9.8 1415.3003303372134 748.5667361088753 2737.56494140625 1.968994140625 394.50669126157396 297
70 10.9 2691.156433665424 549.4959278275534 4120.330078125 1.968994140625 647.7668852600871 395
80 11.5 4519.843745754077 612.0801400849031 5649.171142578125 1.968994140625 1089.690418546162 504
90 16.8 4821.3291422526045 3004.750364927665 8855.89599609375 0.60205078125 1726.9563840209764 619
100 30.9 3103.539410933706 4364.21759402137 10334.87890625 0.574951171875 2387.5086373664826 787
110 39.5 2575.7265421034413 4485.287713601698 11077.129150390625 0.56982421875 2589.382276994468 1096
120 56.5 1935.1563753111172 4123.954548615635 11346.26904296875 0.56982421875 2585.7645605075763 1491
130 78 1347.7505427433894 3534.7472112285714 11480.60595703125 0.56591796875 2406.9738870464876 2056
140 103.6 1081.1699096208342 3125.234805879365 11480.60595703125 0.56591796875 2115.6501181619965 2836
150 116.6 887.7825774884756 2764.7118076387874 11480.60595703125 0.56591796875 1838.8625417031524 3872
160 146.9 727.6070165251122 2576.660414114589 11480.60595703125 0.476806640625 1618.7435980202795 5038
170 119.9 1456.8420436626873 3473.7207469133705 11899.719970703125 0.476806640625 1417.563386215085 6507
180 115.6 2072.2068819356195 4495.610861503969 18989.255859375 0.476806640625 1423.674872106556 7706
190 120.1 2218.959654592856 4788.371703065546 26619.9599609375 0.476806640625 1508.272367408113 8862
200 121 2013.580294825025 4231.46258523989 26619.9599609375 0.476806640625 1593.0915497502453 10063
210 128.3 2186.3876530683688 4818.412932515702 39079.902099609375 0.476806640625 1638.2251771378515 11273
220 120.4 2216.0421813762077 5121.856932515995 39587.68310546875 0.476806640625 1694.2376378433992 12556
230 108.6 2176.157458113923 4617.854973226246 40092.093017578125 0.476806640625 1739.8955354025197 13760
240 124.4 2381.683953484536 5472.8715014473855 71178.20385742188 0.476806640625 1771.8085387747803 14846
250 127 2243.0822717381247 5704.735675282103 71178.20385742188 0.476806640625 1818.9611190046708 16090
260 126.3 2607.739340352525 7962.924551149424 71178.20385742188 0.476806640625 1849.9884153163923 17360
270 119.9 3365.3530927058378 9561.625951255559 105731.39379882813 0.476806640625 1901.378600481008 18623
280 119.7 4803.165863062608 11763.933556698033 105731.39379882813 0.476806640625 1989.9319965145853 19822
290 132.7 8272.83727043053 19109.525766339186 105731.39379882813 0.476806640625 2150.1413755648723 21019
300 139.7 10960.038411167083 23062.820530512843 105731.39379882813 0.476806640625 2513.732955824728 22346
310 132.4 10546.224796905975 23670.175814115322 107707.51416015625 0.476806640625 3010.7000080554176 23743
320 135.2 9854.174992668564 24119.50279421079 135712.82006835938 0.476806640625 3408.7147214410697 25067
330 132.2 10802.05756344702 26036.326403759114 135712.82006835938 0.476806640625 3738.5630232957797 26419
340 123.9 8202.953399682829 22324.576339145606 135712.82006835938 0.476806640625 4075.1745290843214 27741
350 128 6372.815804862976 18320.030129656214 135712.82006835938 0.476806640625 4251.652031522954 28980
360 117.6 4365.151074675473 12498.792306654994 135712.82006835938 0.476806640625 4341.377399331124 30260
370 123.9 4446.261598354571 13200.080349437763 135712.82006835938 0.476806640625 4342.266756825874 31436
380 117.4 3566.1822403707934 9730.58149912851 135712.82006835938 0.476806640625 4346.210126639312 32675
390 124.5 6920.347727825357 23269.233936642966 169836.76196289063 0.476806640625 4319.156070729854 33849
400 116.8 5596.786474985614 19588.90189662502 169836.76196289063 0.476806640625 4411.436335535345 35094
