30 0.1 26571.130126953125 0 26571.130126953125 26571.130126953125 0 0
40 0.1 33290.8759765625 0.0 33290.8759765625 26571.130126953125 26571.130126953125 1
50 0.2 31273.709594726563 5679.9964599609375 36953.7060546875 25593.713134765625 29931.003051757813 2
60 0.1 51948.2041015625 0.0 51948.2041015625 25593.713134765625 30602.356323242188 4
70 0.1 24395.369140625 0.0 51948.2041015625 24395.369140625 34871.52587890625 5
80 0.7 51446.04010881697 9529.990730141359 69517.05517578125 24395.369140625 33125.499755859375 6
90 0.6 49964.09167480469 8282.500303861245 69517.05517578125 24395.369140625 42990.40609975962 13
100 0.4 60567.368225097656 11932.348365216885 76667.43115234375 24395.369140625 45192.62259714227 19
110 1.1 72586.73801491478 25303.416730497152 105799.83203125 24395.369140625 47866.491402004074 23
120 1.2 76567.81640625 23993.849241161308 105799.83203125 14738.19384765625 55864.21824735754 34
130 1.9 62346.949617084705 29367.469762130204 120227.90209960938 14738.19384765625 61265.156897503395 46
140 2.6 56626.17761230469 25864.372645929463 120227.90209960938 13021.85302734375 61581.373230919475 65
150 5 56830.553491210936 28182.325146132745 130959.84521484375 9668.432861328125 60165.60305417239 91
160 7.3 57200.42060747538 29933.163203571094 149027.33081054688 7130.385009765625 58982.96136517897 141
170 7.3 55609.891635006425 27586.911816752567 149027.33081054688 7130.385009765625 58374.89839642961 214
180 7.7 60036.50838955966 28952.632121491897 149027.33081054688 7130.385009765625 57671.60399369828 287
190 10.1 58426.08620339573 22762.955112317362 149027.33081054688 7130.385009765625 58171.87223128434 364
200 11.9 72469.66588227087 30425.68388504548 154230.84301757813 7130.385009765625 58227.08859942036 465
210 12.8 70606.82686233518 24899.085696481172 169844.90502929688 7130.385009765625 61129.25760054915 584
220 11.7 76290.57936656984 23932.356507816257 169844.90502929688 7130.385009765625 62833.09027682529 712
230 11.2 75238.00170026507 22535.36019573459 169844.90502929688 7130.385009765625 64732.39814594485 829
240 13.2 82166.68267822263 27583.068810581663 169844.90502929688 7130.385009765625 65982.79941914768 941
250 13.6 83614.99123427448 30360.166490489915 197308.955078125 7130.385009765625 67973.73379957442 1073
260 11.5 82484.72617187504 29366.082117682443 197308.955078125 7130.385009765625 69733.21354408989 1209
270 10.8 85195.58718306935 34287.94671312563 197308.955078125 7130.385009765625 70840.78450496246 1324
280 12.1 83013.80058956935 34099.900830112776 197308.955078125 7130.385009765625 71923.40928794818 1432
290 13.5 81842.14528718169 31241.81928794586 197308.955078125 7130.385009765625 72787.50287938163 1553
300 12.8 85976.77383613585 28996.594222172687 197308.955078125 7130.385009765625 73511.65970701967 1688
310 13.2 90128.3610451438 31346.17816969733 197308.955078125 7130.385009765625 74390.2580597327 1816
320 12 92848.50829264327 31858.19761750613 201985.01391601563 7130.385009765625 75456.70035648541 1948
330 12.6 97896.84965200273 26346.940227097628 201985.01391601563 7130.385009765625 76465.89617483111 2068
340 11 102017.18935324928 21267.36326035262 201985.01391601563 7130.385009765625 77696.66196249002 2194
350 12 110565.0889506022 21469.925807985135 201985.01391601563 7130.385009765625 78857.79825284745 2304
360 10.9 119302.04024736596 24038.016788821908 201985.01391601563 7130.385009765625 80427.46610917195 2424
370 11.9 125921.65274176077 21903.05160228412 203458.42602539063 7130.385009765625 82100.31592404094 2533
380 11.2 135572.86341203962 22907.24758062042 203458.42602539063 7130.385009765625 84066.6579607335 2652
390 13.2 154237.70231674664 29409.440574962293 243016.77783203125 7130.385009765625 86153.74009190075 2764
400 10.1 167058.86779664288 25245.47191190461 243016.77783203125 7130.385009765625 89257.01461319897 2896
