10 732.76015625 732.76015625
20 999.22421875 1731.984375
30 1091.19609375 2823.18046875
40 1743.8734375 4567.05390625
50 2416.93125 6983.98515625
60 2573.13359375 9557.11875
70 2611.80390625 12168.92265625
80 2436.546875 14605.46953125
90 2623.98828125 17229.4578125
100 2441.38828125 19670.84609375
110 2573.265625 22244.11171875
120 2680.76953125 24924.88125
130 3028.53671875 27953.41796875
140 2829.8109375 30783.22890625
150 2962.75859375 33745.9875
160 3095.34765625 36841.33515625
170 2988.71328125 39830.0484375
180 2777.35703125 42607.40546875
190 3022.42578125 45629.83125
200 2995.8109375 48625.6421875
210 2764.2078125 51389.85
220 2730.64609375 54120.49609375
230 2557.56640625 56678.0625
240 2813.33125 59491.39375
250 2901.24296875 62392.63671875
260 2866.90390625 65259.540625
270 3208.1234375 68467.6640625
280 2867.67734375 71335.34140625
290 2924.21796875 74259.559375
300 2832.35 77091.909375
310 3045.85390625 80137.76328125
320 2881.7109375 83019.47421875
330 3009.30234375 86028.7765625
340 2957.56171875 88986.33828125
350 2754.01640625 91740.3546875
360 3084.50078125 94824.85546875
370 2553.16015625 97378.015625
380 2848.9875 100227.003125
390 2677.384375 102904.3875
400 2831.46328125 105735.85078125
