10 13.2 13.2
20 15.9484375 29.1484375
30 19.1265625 48.275
40 29.6234375 77.8984375
50 42.96171875 120.86015625
60 52.0234375 172.88359375
70 57.3515625 230.23515625
80 56.80859375 287.04375
90 68.45703125 355.50078125
100 99.7546875 455.25546875
110 121.31015625 576.565625
120 160.31015625 736.87578125
130 199.40625 936.28203125
140 257.4296875 1193.71171875
150 282.76953125 1476.48125
160 359.45625 1835.9375
170 304.9296875 2140.8671875
180 276.25390625 2417.12109375
190 291.271875 2708.39296875
200 287.7109375 2996.10390625
210 293.34765625 3289.4515625
220 269.115625 3558.5671875
230 242.4578125 3801.025
240 284.78671875 4085.81171875
250 284.7 4370.51171875
260 285.6640625 4656.17578125
270 264.9921875 4921.16796875
280 283.88046875 5205.0484375
290 288.33046875 5493.37890625
300 295.13046875 5788.509375
310 289.18671875 6077.69609375
320 284.5828125 6362.27890625
330 262.52265625 6624.8015625
340 275.2953125 6900.096875
350 285.00546875 7185.10234375
360 257.384375 7442.48671875
370 275.7921875 7718.27890625
380 249.9140625 7968.19296875
390 267.7359375 8235.92890625
400 264.92421875 8500.853125
