0 0 0
10 1.2 12
20 0.9 21
30 0.9 30
40 1.7 47
50 2.3 70
60 1.9 89
70 3 119
80 4.4 163
90 4.3 206
100 6.5 271
110 8.1 352
120 9.5 447
130 15.1 598
140 16.9 767
150 16 927
160 31.1 1238
170 31.5 1553
180 30.9 1862
190 64.3 2505
200 64.3 3148
210 58.6 3734
220 129.2 5026
230 122.3 6249
240 128.9 7538
250 245.4 9992
260 248.3 12475
270 250.3 14978
280 152.7 16505
290 0 16505
300 0 16505
310 0 16505
320 0 16505
330 0 16505
340 0 16505
350 0 16505
360 0 16505
370 0 16505
380 0 16505
390 0 16505
400 0 16505
