0 0 0
10 12 12
20 21 21
30 29 30
40 45 45
50 66 66
60 84 84
70 113 113
80 150 150
90 187 187
100 248 249
110 318 318
120 401 403
130 533 533
140 676 676
150 786 794
160 1024 1024
170 1266 1266
180 1498 1498
190 2040 2040
200 2564 2564
210 3022 3022
220 4197 4197
230 5308 5308
240 6465 6465
250 8783 8783
260 11151 11151
270 13546 13546
280 14952 15000
290 14817 15000
300 14689 15000
310 14557 15000
320 14437 15000
330 14311 15000
340 14201 15000
350 14081 15000
360 13972 15000
370 13853 15000
380 13741 15000
390 13609 15000
400 13508 15000
