10 0.7 349.064453125 636.8228640940771 1821.783935546875 2.154052734375 0 0
20 0.7 2.308558872767857 0.14090648686729146 1821.783935546875 2.06201171875 349.064453125 7
30 1.3 3.3130258413461537 3.0278649860212385 1821.783935546875 2.06201171875 175.68650599888392 14
40 2 3.88641357421875 3.8054754595657245 1821.783935546875 1.971923828125 92.69186740451389 27
50 1.9 4.213263260690789 4.170244599813114 1821.783935546875 1.93603515625 54.9023125831117 47
60 2.4 3.3448588053385415 3.1386268721526336 1821.783935546875 1.93603515625 40.31001050544508 66
70 3.4 4.508544921875 4.037828213657363 1821.783935546875 1.93603515625 30.45263671875 90
80 4 3.773309326171875 3.612214310524325 1821.783935546875 1.93603515625 23.338934129284276 124
90 4.6 3.0757260529891304 2.25584999357045 1821.783935546875 1.878173828125 18.566830518769056 164
100 5.7 2.9804815995065788 2.557934147467859 1821.783935546875 1.7958984375 15.173540969122024 210
110 8.4 2.906154087611608 2.2119700026716167 1821.783935546875 1.7958984375 12.570528294709737 267
120 9.3 3.848987210181453 3.9011557104419334 1821.783935546875 1.77197265625 10.257686604122151 351
130 14.2 3.603352291483274 3.377335102601287 1821.783935546875 1.60107421875 8.915323893229166 444
140 16.2 3.7910306954089505 3.8092817306373257 1821.783935546875 1.60107421875 7.628122583591082 586
150 15 4.126754557291667 5.700584233357605 1821.783935546875 1.60107421875 6.797094661284257 748
160 29.9 3.709649025397157 3.8226484915587093 1821.783935546875 1.505859375 6.351046759726475 898
170 17.8 132.68788678458566 462.91779871649504 3015.217041015625 1.390869140625 5.691248996514724 1197
180 13.2 791.7311752781725 2153.673037018476 15046.574951171875 1.35791015625 22.131541015624997 1375
190 18.2 485.7417904361263 1842.175337635981 15046.574951171875 1.35791015625 89.54172795832987 1507
200 14.5 823.2884176320041 2274.0359517612037 15046.574951171875 1.35791015625 132.23468910158562 1689
210 19.5 1574.2598645332523 4870.12823190053 31078.60595703125 1.35791015625 186.87088901266014 1834
220 19.9 944.0055784292559 2704.4673646060314 31078.60595703125 1.35791015625 320.207927074028 2029
230 16.7 1062.5871260408867 3759.6350671898253 31078.60595703125 1.343017578125 375.924144587354 2228
240 22.5 2993.1254937065974 7355.591788582714 63152.6240234375 1.343017578125 423.8041938160555 2395
250 20.2 482.0138531675433 1026.3051807988427 63152.6240234375 1.343017578125 644.4520153715409 2620
260 23.8 5767.070579208248 8967.847242968977 63152.6240234375 1.343017578125 632.8246203448905 2822
270 20.1 18844.693298643517 13392.50474237312 63152.6240234375 1.343017578125 1032.1548615898182 3060
280 28.5 35387.149542557556 17596.81292979453 63152.626953125 1.343017578125 2130.0758140117114 3261
290 30.2 46667.535754475386 18794.554540552053 63165.6591796875 1.343017578125 4803.021672058966 3546
300 21.1 53763.50313680206 18615.092587760388 63165.6591796875 1.343017578125 8088.646218028238 3848
310 25.9 51966.27998028022 20403.64945850478 63165.6591796875 1.343017578125 10462.973591731434 4059
320 28.6 57093.67026674497 17565.8581754027 63165.6591796875 1.343017578125 12952.40303930766 4318
330 15 28442.44563313802 27067.13520311472 63165.6591796875 1.343017578125 15694.453957432566 4604
340 19.9 39088.99716232532 27443.34001147319 63168.22705078125 1.343017578125 16096.683396085451 4754
350 17.1 19329.555916769466 22609.90848583478 63168.22705078125 1.343017578125 17020.460993396522 4953
360 16.8 16442.051974341975 20665.183670710536 63168.22705078125 1.343017578125 17097.52095278309 5124
370 19.6 11642.760344836175 17507.446850988134 63168.22705078125 1.343017578125 17076.712413784957 5292
380 23.6 10472.375154139634 11600.048845254454 63168.22705078125 1.343017578125 16882.642697036787 5488
390 24.3 12456.18220827707 21889.354853927867 63168.22705078125 1.343017578125 16618.3479485875 5724
400 19.9 11824.874841737987 15710.744972998951 63168.22705078125 1.343017578125 16448.847986312412 5967
