10 0.8 841.2405395507813 670.0033975829615 1871.239013671875 12.01513671875 0 0
20 0.5 2050.901171875 2914.165898134398 7865.89990234375 12.01513671875 841.2405395507813 8
30 0 0 0 7865.89990234375 12.01513671875 1306.49462890625 13
40 0 0 0 7865.89990234375 12.01513671875 1306.49462890625 13
50 0 0 0 7865.89990234375 12.01513671875 1306.49462890625 13
60 0 0 0 7865.89990234375 12.01513671875 1306.49462890625 13
70 4.9 32973.30816027582 12956.09578099995 62722.196044921875 12.01513671875 1306.49462890625 13
80 18.8 10037.042553191495 12784.38224885512 69224.96606445313 1.578857421875 26333.492419827362 62
90 16.5 3036.3554021661926 6363.986945059182 70427.0009765625 1.5087890625 14078.56212011719 250
100 24 3.7917277018229165 3.2599899525013614 70427.0009765625 1.490966796875 9688.287159967998 415
110 35.2 4.075898603959515 3.5157124494741963 70427.0009765625 1.487060546875 6139.769749671995 655
120 46.6 4.299360414431334 4.0547988784831634 70427.0009765625 1.468017578125 3995.0187709471206 1007
130 64.2 957.6048587787185 7314.857251064995 109034.59204101563 1.45703125 2732.5101183278175 1473
140 83.7 1807.1121212174244 10289.09694299417 109034.59204101563 1.45703125 2193.744550180999 2115
150 88.6 4561.903005630108 15328.280858322556 109034.59204101563 1.43896484375 2084.120111480961 2952
160 117 1547.9657262035932 6247.460132188769 109034.59204101563 1.43896484375 2656.114807733213 3838
170 92.6 1656.5868014836158 2803.732163020298 109034.59204101563 1.4208984375 2397.2221509062056 5008
180 99.6 2353.8484952995573 4136.264342626379 109034.59204101563 1.4208984375 2281.6460919973215 5934
190 109.6 2561.610865683454 5343.370962595882 109034.59204101563 1.4208984375 2292.0232339437903 6930
200 92.8 2503.2710873834 3970.3689419501334 109034.59204101563 1.4208984375 2328.8370944454937 8026
210 104.6 2844.8616338842917 6875.972043095512 130986.72387695313 1.4208984375 2346.915578413148 8954
220 103.4 2626.76535677587 4237.52226034369 130986.72387695313 1.35009765625 2399.00073581543 10000
230 93.9 2460.5206193527874 3781.2427462044507 130986.72387695313 1.35009765625 2420.34463812403 11034
240 105 2517.5743884858603 3669.37898099323 130986.72387695313 1.35009765625 2423.495498090104 11973
250 102.3 2684.255567742698 5234.293934432261 130986.72387695313 1.35009765625 2431.080757624431 13023
260 110.6 2363.601106888561 3403.204423427189 130986.72387695313 1.35009765625 2449.5200165416304 14046
270 101.1 3124.3324618165047 6461.454598101596 130986.72387695313 1.35009765625 2443.2484805017484 15152
280 103.5 5650.717839249319 11832.351694493691 130986.72387695313 1.35009765625 2485.8504668353016 16163
290 110.4 10993.284039262402 21548.97626538181 130986.72387695313 1.35009765625 2676.3166681638577 17198
300 109.9 12617.59966424555 24446.553917254027 130986.72387695313 1.35009765625 3178.0067554599345 18302
310 96.4 11345.480376564123 24490.381993060488 130986.72387695313 1.35009765625 3712.727265060233 19401
320 101.6 12788.540897399424 26005.213782241597 130986.72387695313 1.35009765625 4074.0321508687157 20365
330 106.6 14648.737224528766 29046.17097666233 130986.72387695313 1.35009765625 4488.135368046359 21381
340 102.4 12462.776947498318 26725.921436899825 137746.623046875 1.35009765625 4970.658715442904 22447
350 102.5 10109.146811880724 23600.172663831603 176200.00415039063 1.35009765625 5297.527151795201 23471
360 102.9 6527.391042103223 18933.72820849341 176200.00415039063 1.35009765625 5498.862478035716 24496
370 97.6 6924.350258248751 19667.10031388435 176200.00415039063 1.35009765625 5540.325980187546 25525
380 100.9 4408.491743014044 10943.095870105188 176200.00415039063 1.35009765625 5591.297932015316 26501
390 105.5 4523.755404880032 12103.528870570777 176200.00415039063 1.35009765625 5547.915473102111 27510
400 99.4 5060.883079728374 14505.069915931894 176200.00415039063 1.35009765625 5510.089851818221 28565
