10 1.1 833.9501953125 767.2714316933758 2443.677001953125 12.01513671875 0 0
20 0.7 1115.770717075893 1760.8795514122564 5422.126953125 12.01513671875 833.9501953125 11
30 0 0 0 5422.126953125 12.01513671875 943.5470648871528 18
40 0 0 0 5422.126953125 12.01513671875 943.5470648871528 18
50 0 0 0 5422.126953125 12.01513671875 943.5470648871528 18
60 0 0 0 5422.126953125 12.01513671875 943.5470648871528 18
70 8.2 30622.013097251343 12476.32628707445 62722.196044921875 12.01513671875 943.5470648871528 18
80 22.2 4629.593329902163 6220.793272250766 69224.96606445313 1.4560546875 25279.88921142579 100
90 20.3 2788.68508505234 5809.655032250217 70427.0009765625 1.4560546875 11042.728696834967 322
100 28.7 3.1606113553462545 2.932054654001573 70427.0009765625 1.432861328125 7851.165166945684 525
110 45.2 3.1591429583794253 3.076884312528226 70427.0009765625 1.432861328125 5077.301487814617 812
120 58.8 3.3922160661139467 3.5796247170859883 70427.0009765625 1.432861328125 3262.8138771540002 1264
130 80.6 866.3500319260825 6844.7923354871655 109034.59204101563 1.409912109375 2227.965099227609 1852
140 104 1486.4822439340446 9268.468198002549 109034.59204101563 1.409912109375 1815.0750524838052 2658
150 111.3 4034.148482686858 13952.041294005501 109034.59204101563 1.409912109375 1722.6638786353058 3698
160 144.4 877.5464201950961 2202.93132001235 109034.59204101563 1.409912109375 2257.4139023953094 4811
170 116.8 1380.2862283366994 2423.658036132295 109034.59204101563 1.409912109375 1938.8641591024066 6255
180 123.9 1975.252899736431 3572.736778226492 109034.59204101563 1.409912109375 1850.9726027054853 7423
190 139.2 1999.4686421361473 4474.4624492621 109034.59204101563 1.409912109375 1868.7494773327471 8662
200 115.7 1905.0075413498673 3070.3655481258406 109034.59204101563 1.409912109375 1886.84785384024 10054
210 133.9 2253.9015431364915 5240.766652766082 119131.54296875 1.409912109375 1888.7219737625162 11211
220 128 2057.515222549441 3583.551103879074 119131.54296875 1.35009765625 1927.6841604869587 12550
230 118.3 1981.8308840160742 3192.774741660813 119131.54296875 1.35009765625 1939.7003397667836 13830
240 131.6 2024.482651916318 3164.5366506642094 119131.54296875 1.34716796875 1943.0201581806189 15013
250 128.5 2148.6251624437627 4419.568322258229 119131.54296875 1.34716796875 1949.5854494878747 16329
260 139 1830.4682104316544 2736.132950906829 119131.54296875 1.34716796875 1964.1060598630488 17614
270 126.9 2803.1776127856565 6347.22547828638 119131.54296875 1.34716796875 1954.3314539532594 19004
280 134.7 5117.290856127041 11655.045670483098 119131.54296875 1.34716796875 2007.4654635008505 20273
290 145.1 11089.034948284572 22017.04283091573 119131.54296875 1.34716796875 2201.2182296371816 21620
300 143.3 12398.314361976894 24396.463866862978 119131.54296875 1.34716796875 2760.19799032191 23071
310 121.7 10737.355509874767 24104.583191884663 119728.61889648438 1.34716796875 3323.837427172285 24504
320 129.9 12987.560569240455 26685.703190998058 121800.61694335938 1.34716796875 3674.611172619543 25721
330 134.1 14387.900347477107 29002.15570831894 121800.61694335938 1.34716796875 4122.335867890105 27020
340 129.9 11398.843961062294 25873.101208108816 137746.623046875 1.34716796875 4607.725027903016 28361
350 127.7 8445.947209417212 21005.446468857463 137746.623046875 1.31396484375 4905.15130889337 29660
360 126.5 4284.578481271619 12489.97771611001 137746.623046875 1.31396484375 5051.306280770699 30937
370 122.1 5118.2649117734545 14743.597740671148 137746.623046875 1.280029296875 5021.186702285936 32202
380 126.1 3609.2132282786492 9238.040633284076 137746.623046875 1.280029296875 5024.733137189573 33423
390 134.3 4044.800401859468 12258.643260161232 167757.52978515625 1.280029296875 4973.269332405331 34684
400 124.4 4861.641933428899 15546.802496732813 167831.76416015625 1.280029296875 4938.658241453459 36027
