100 0.2 25595.544067382813 15381.033081054688 40976.5771484375 10214.510986328125 0 0
110 0.6 53287.478759765625 28690.165290252182 101264.375 10214.510986328125 25595.544067382813 2
120 1.7 48824.56270105699 19772.527314891646 101264.375 10214.510986328125 46364.49508666992 8
130 3.3 43325.977775804924 29649.474492813602 117699.48510742188 6751.2578125 48037.341064453125 25
140 3.9 46826.283071664664 29456.922850008465 117699.48510742188 6751.2578125 45356.73781401535 58
150 4.4 40332.81005859376 19240.397556664255 117699.48510742188 6751.2578125 45947.585907297034 97
160 6.3 56649.082969060015 31197.23339126275 153346.60400390625 6751.2578125 44195.45727365913 141
170 7.1 49371.81205642055 25216.2132435125 153346.60400390625 6751.2578125 48041.42991488588 204
180 8.7 63219.132251257186 31403.752077332138 153346.60400390625 6751.2578125 48384.91039506392 275
190 11.5 58986.29386039402 31841.075045188234 161909.82885742188 6751.2578125 51950.04106216009 362
200 9.4 71032.69500602559 36622.09751330318 192855.56494140625 6751.2578125 53646.412281860095 477
210 13.6 79910.14454202093 38665.60811426073 205088.1669921875 6751.2578125 56508.602432598374 571
220 12 80569.74406127927 37144.45688602487 205088.1669921875 6751.2578125 61010.17206043637 707
230 12 79587.94751790365 29535.609647178582 205088.1669921875 6751.2578125 63848.320355601005 827
240 13.5 83394.96197374133 32584.323740483826 232662.7978515625 6751.2578125 65842.7820868326 947
250 11.5 85851.51368673575 35969.56257164312 232662.7978515625 6751.2578125 68032.7490782676 1082
260 13.6 81098.47619628903 33135.36305873262 241676.85693359375 6751.2578125 69744.66046504608 1197
270 11.2 82329.20156206404 33281.32552341558 241676.85693359375 6751.2578125 70903.03926433268 1333
280 12.9 78735.93238061715 35910.81384498599 241676.85693359375 6751.2578125 71788.66568464127 1445
290 12.7 81508.38901213398 31911.450547135173 241676.85693359375 6751.2578125 72358.04141766597 1574
300 13.6 80706.18309649301 32063.249418317355 241676.85693359375 6751.2578125 73041.22433624176 1701
310 10.3 85587.42009490675 27109.0360883043 241676.85693359375 6751.2578125 73608.68998207418 1837
320 11.2 89874.38881356375 29976.571733414024 241676.85693359375 6751.2578125 74244.67410662147 1940
330 11.9 101740.42214375986 25854.10982417568 241676.85693359375 6751.2578125 75097.75795027525 2052
340 12.4 100907.67238493888 21861.226000097202 241676.85693359375 6751.2578125 76558.13429252521 2171
350 12.3 109806.68111860074 19291.230998385483 241676.85693359375 6751.2578125 77873.75203695192 2295
360 11.9 118855.17940848214 24015.299994322544 244845.42309570313 6751.2578125 79498.13180413257 2418
370 11.2 129596.38016619 23978.54915898454 244845.42309570313 6751.2578125 81344.20538115961 2537
380 12.4 142592.96477877715 28774.946234914194 244845.42309570313 6751.2578125 83384.31243133832 2649
390 13.5 153001.68095703123 29175.279115205023 244845.42309570313 6751.2578125 86031.9405925653 2773
400 10.4 163138.54025738055 27261.98900571416 244845.42309570313 6751.2578125 89140.92097399684 2908
