10 5.2953125 5.2953125
20 6.18515625 11.48046875
30 2.58671875 14.0671875
40 3.67734375 17.74453125
50 3.5390625 21.28359375
60 5.30546875 26.5890625
70 33.34296875 59.93203125
80 93.78046875 153.7125
90 72.71796875 226.43046875
100 72.68515625 299.115625
110 104.3546875 403.4703125
120 125.1015625 528.571875
130 163.5671875 692.1390625
140 186.18671875 878.32578125
150 236.8484375 1115.17421875
160 337.096875 1452.27109375
170 306.21328125 1758.484375
180 330.65859375 2089.14296875
190 372.3296875 2461.47265625
200 318.91484375 2780.3875
210 372.51796875 3152.90546875
220 356.41171875 3509.3171875
230 339.73828125 3849.05546875
240 387.140625 4236.19609375
250 384.34765625 4620.54375
260 415.703125 5036.246875
270 391.9078125 5428.1546875
280 417.55234375 5845.70703125
290 424.0640625 6269.77109375
300 417.15234375 6686.9234375
310 380.0484375 7066.971875
320 402.87109375 7469.84296875
330 368.875 7838.71796875
340 375.38359375 8214.1015625
350 381.5796875 8595.68125
360 385.77421875 8981.45546875
370 370.1015625 9351.55703125
380 399.8515625 9751.40859375
390 385.1828125 10136.59140625
400 379.69765625 10516.2890625
