10 103.7796875 103.7796875
20 98.2125 201.9921875
30 0 201.9921875
40 0 201.9921875
50 0 201.9921875
60 0 201.9921875
70 389.3484375 591.340625
80 3601.12421875 4192.46484375
90 1961.1140625 6153.57890625
100 105.15859375 6258.7375
110 165.615625 6424.353125
120 215.446875 6639.8
130 678.5765625 7318.3765625
140 1113.578125 8431.9546875
150 3058.3765625 11490.33125
160 5614.4625 17104.79375
170 5311.44375 22416.2375
180 5700.88984375 28117.12734375
190 6326.36484375 34443.4921875
200 6856.1296875 41299.621875
210 8337.4515625 49637.0734375
220 9674.66796875 59311.74140625
230 9474.4875 68786.22890625
240 10329.74140625 79115.9703125
250 10267.03671875 89383.00703125
260 10580.84375 99963.85078125
270 9775.73828125 109739.5890625
280 10528.71875 120268.3078125
290 10298.97265625 130567.28046875
300 10194.328125 140761.60859375
310 9861.3078125 150622.91640625
320 9068.2125 159691.12890625
330 9692.52265625 169383.6515625
340 9968.50390625 179352.15546875
350 9952.59453125 189304.75
360 9737.96484375 199042.71484375
370 10348.63203125 209391.346875
380 9168.07421875 218559.42109375
390 10235.95859375 228795.3796875
400 10172.43203125 238967.81171875
