0 0 0
10 8 8
20 14 14
30 27 27
40 49 49
50 66 66
60 90 90
70 124 124
80 164 164
90 210 210
100 265 265
110 347 347
120 422 422
130 530 532
140 654 654
150 758 758
160 994 994
170 1247 1247
180 1436 1437
190 1945 1946
200 2486 2486
210 2980 2980
220 4004 4004
230 5109 5109
240 6206 6206
250 8385 8385
260 10689 10689
270 13140 13140
280 14976 15000
290 14849 15000
300 14713 15000
310 14610 15000
320 14498 15000
330 14379 15000
340 14255 15000
350 14132 15000
360 14013 15000
370 13901 15000
380 13777 15000
390 13642 15000
400 13538 15000
