0 0 0
10 0.8 8
20 0.6 14
30 1.3 27
40 2.2 49
50 1.7 66
60 2.4 90
70 3.4 124
80 4 164
90 4.6 210
100 5.7 267
110 8.8 355
120 9.2 447
130 14.1 588
140 16.3 751
150 14.8 899
160 29.9 1198
170 32.4 1522
180 27.6 1798
190 62.4 2422
200 63.5 3057
210 63 3687
220 114.4 4831
230 122.5 6056
240 123.2 7288
250 229.4 9582
260 244 12022
270 256.3 14585
280 196.5 16550
290 0 16550
300 0 16550
310 0 16550
320 0 16550
330 0 16550
340 0 16550
350 0 16550
360 0 16550
370 0 16550
380 0 16550
390 0 16550
400 0 16550
