10 1.2 88.65376790364583 287.61239987994674 1042.555908203125 1.583984375 0 0
20 1 2.219580078125 0.6328615070722733 1042.555908203125 1.583984375 88.65376790364583 12
30 0.8 1.906890869140625 0.23492544822588712 1042.555908203125 1.43994140625 49.36550071022727 22
40 1.9 1.959986636513158 0.3444067043221932 1042.555908203125 1.43994140625 36.70987141927083 30
50 1.5 1.9971028645833333 0.2903070257642807 1042.555908203125 1.43994140625 23.23542629942602 49
60 2.6 1.9473313551682692 0.3328037617466676 1042.555908203125 1.43798828125 18.257694244384766 64
70 3.2 2.5519256591796875 3.7323551503567103 1042.555908203125 1.43798828125 13.545811631944444 90
80 4.7 1.9943484042553195 0.5456539679578376 1042.555908203125 1.43798828125 10.662169409579919 122
90 4.1 1.8581126143292683 0.5472324569549185 1042.555908203125 1.39501953125 8.25159197022929 169
100 8.7 1.8852595186781609 0.34369778007674884 1042.555908203125 1.3828125 7.003341238839286 210
110 8.8 1.8062383478338069 0.42689671096482434 1042.555908203125 1.3828125 5.504105179398148 297
120 6.6 2.8309215198863638 2.6089233114723736 1042.555908203125 1.3828125 4.658878475040584 385
130 16.2 3.900268554687498 4.54661985554758 1042.555908203125 1.381103515625 4.391372579164357 451
140 15.8 2.899392429786392 2.8988245375833253 1042.555908203125 1.138916015625 4.261586523756117 613
150 16 3.7303207397460936 4.006676973698587 1042.555908203125 1.138916015625 3.9824339078712705 771
160 30.8 3.463672192065749 3.6057633504922486 1042.555908203125 1.114013671875 3.939106188322368 931
170 31.1 3.1696306332897914 3.2670961927117816 1042.555908203125 1.114013671875 3.8209192062020785 1239
180 34.2 3.4824047423245625 3.6732136313451225 1042.555908203125 1.10205078125 3.6902413054435486 1550
190 63.5 3.5027582123523624 3.836189206957487 1042.555908203125 1.094970703125 3.652672539805761 1892
200 63.4 3.8754089548008674 4.160461873273122 1042.555908203125 1.079833984375 3.6150011516249507 2527
210 58.7 3.766591164688033 4.145681708056317 1042.555908203125 1.079833984375 3.6672309988927556 3161
220 119.8 3.3792484136973067 3.5293939120570488 1042.555908203125 1.027099609375 3.68279247629986 3748
230 125.2 3.6588343416159117 3.9538008699763605 1042.555908203125 1.007080078125 3.6092692682533865 4946
240 122.9 3.492328938669653 3.7493378788853167 1042.555908203125 0.97705078125 3.619281445060402 6198
250 241.5 5.17313108582426 29.040223613950022 1042.555908203125 0.97705078125 3.5982736854866535 7427
260 154.6 31.156472190077224 189.9516948680189 3006.525146484375 0.97705078125 3.9847074003632357 9842
