10 2.6 310.6432072566106 384.74957583397077 2087.839111328125 11.970947265625 0 0
20 3.4 143.83116957720588 72.65066678359035 2087.839111328125 9.9912109375 310.6432072566106 26
30 3.6 166.3600328233507 59.59739881358848 2087.839111328125 8.6728515625 216.11638590494792 60
40 6.6 161.42050633285984 76.94518428997499 2087.839111328125 8.6728515625 197.45775349934897 96
50 8.3 144.72898331607678 73.60876458549004 2087.839111328125 8.6728515625 182.77591206114968 162
60 12.5 143.6912109374999 77.05630529306559 2087.839111328125 6.27099609375 169.88654436383928 245
70 17.7 154.34693348340394 78.15893770902802 2087.839111328125 6.27099609375 161.03676955764354 370
80 20 162.01393798828138 79.05437764881931 2087.839111328125 6.27099609375 158.87205112045817 547
90 24 157.837759399414 81.34090563071717 2087.839111328125 6.27099609375 159.71325242375755 747
100 34.3 184.13082093886655 106.19805806076565 2087.839111328125 6.27099609375 159.25720548774697 987
110 44.7 246.3230717806208 128.86279460285417 2087.839111328125 6.27099609375 165.67197999882518 1330
120 44.8 247.18281391688757 130.57804132395722 2087.839111328125 6.27099609375 185.95956470702026 1777
130 57.5 844.9077615489133 538.6466903923878 2511.056884765625 6.27099609375 198.28676275017557 2225
140 60.5 1828.4821636105364 665.3038527770243 4122.5048828125 6.27099609375 331.07500357491637 2800
150 72.6 2503.4233237022236 1518.5665838771706 5678.093994140625 1.5419921875 597.1341318631837 3405
160 125.5 1695.0912331144161 1891.7494494592002 6049.283935546875 1.4619140625 932.1537283955349 4131
170 151.9 1400.0526072418647 1807.2940428203885 6272.655029296875 1.450927734375 1109.9269494171085 5386
180 182 1183.446088115985 1730.9637184136182 6272.655029296875 1.450927734375 1173.7503924635682 6905
190 274.8 767.0060258668241 1465.1390502810057 6272.655029296875 1.43115234375 1175.7728756827544 8725
200 327.7 651.5052988275269 1395.9314679425634 6272.655029296875 1.4228515625 1077.8655015614106 11473
210 358.3 595.8040315977779 1358.6700568823908 6545.81591796875 1.4228515625 983.1412721133471 14750
220 525.5 406.99001467166704 1117.8304961714884 6547.39404296875 1.4228515625 907.4401139413466 18333
230 637.2 347.99106074427135 1045.1377664146669 6547.39404296875 1.4169921875 795.9484541286381 23588
240 686.9 294.90627651461637 955.4818839281884 6547.39404296875 1.412841796875 700.6752728654477 29960
250 1058.9 210.24242343266724 798.0365017529635 6685.70703125 1.386962890625 624.99504163642 36829
260 1127.8 192.3505891413314 759.3390467809136 6685.70703125 1.386962890625 532.3758785726143 47418
