10 3.7 218.2655788112331 239.82578299082036 1177.60009765625 11.970947265625 0 0
20 4.2 116.4188464936756 59.038562698724554 1177.60009765625 9.9912109375 218.2655788112331 37
30 4.8 124.7518157958985 55.32148821909163 1177.60009765625 3.643798828125 164.1192147943038 79
40 8.5 125.32147288602941 61.11574051276533 1177.60009765625 3.643798828125 149.24019785002463 127
50 10.2 118.7007936963848 67.8090171578332 1177.60009765625 3.643798828125 139.65014302955484 212
60 15.4 115.9867973823052 65.98266878971432 1177.60009765625 2.833984375 132.84494037992636 314
70 21.4 127.6460177697868 71.20748785543098 1177.60009765625 2.833984375 127.29760272686298 468
80 24.7 131.5985211206352 68.84670663465099 1177.60009765625 2.833984375 127.40692944121152 682
90 28.7 132.07066722697078 75.10569072377284 1177.60009765625 2.833984375 128.52137846684946 929
100 42.1 149.8943671364682 85.0922072714704 1177.60009765625 2.833984375 129.35908066598992 1216
110 57.7 190.9896961655113 105.39156366033828 1177.60009765625 2.833984375 134.64029972773176 1637
120 56.1 197.16122811873333 111.1384390152807 1177.60009765625 2.833984375 149.32575670361194 2214
130 73.5 688.8040822969812 375.9461633512914 1453.911865234375 2.833984375 158.99627903293919 2775
140 76.1 1498.9698362814136 323.43061726037 2232.474853515625 2.833984375 269.93893869079415 3510
150 91.8 2047.1573882591208 986.8881126016432 3157.101806640625 1.525146484375 488.9257129980902 4271
160 153.4 1366.2501944849043 1441.360986175962 3358.72900390625 1.412109375 764.5966858039537 5189
170 187.5 1132.198129687498 1413.2051879815447 3358.72900390625 1.412109375 901.8771383276155 6723
180 225.4 954.347642927331 1337.5736787526594 3358.72900390625 1.412109375 952.1041514469199 8598
190 342.3 617.007882896376 1155.5953642587895 3358.72900390625 1.39794921875 952.5701328141191 10852
200 407.2 521.4395453972048 1116.6306374699054 3358.72900390625 1.39794921875 872.1057137970658 14275
210 442.7 479.473735443108 1108.7248323744827 3402.0 1.381103515625 794.2775872518959 18347
220 657.2 328.1675954436793 939.9411371142851 3461.14599609375 1.381103515625 733.0833898356535 22774
230 798.8 272.0608943199966 852.276053723998 3566.216064453125 1.381103515625 642.4030040677786 29346
240 857 237.32276490254876 816.5657376079722 3639.64501953125 1.381103515625 563.1644340601373 37334
250 1324.6 165.9373964346843 680.3045380945789 3639.64501953125 1.381103515625 502.3317592457304 45904
260 1385.8 156.99479947700618 669.2412541867976 3639.64501953125 1.380126953125 426.99989568199214 59150
