30 0.1 27408.179931640625 0 27408.179931640625 27408.179931640625 0 0
40 0 0 0 27408.179931640625 27408.179931640625 27408.179931640625 1
50 0.5 29671.065185546875 11011.49299283861 40998.56201171875 11727.057861328125 27408.179931640625 1
60 0.6 34589.19600423177 10213.100765425439 53868.868896484375 11727.057861328125 29293.917643229168 6
70 1 39236.80661621094 17696.07018374275 63595.0869140625 9833.927978515625 31941.55682373047 12
80 0.8 48998.17660522461 18593.646314209982 67327.87182617188 9833.927978515625 35257.57945667614 22
90 1.1 38840.15016867898 18386.594131491376 79077.02490234375 9833.927978515625 38921.73869628906 30
100 1.1 39971.34785600142 20091.797264768105 87819.28588867188 9833.927978515625 38899.8490913205 41
110 1.9 44215.33726099918 22675.815878585112 99922.88916015625 9833.927978515625 39126.51229154147 52
120 2.1 43951.88488188245 21398.706189901335 99922.88916015625 8731.8408203125 40488.3105228048 71
130 2.9 52486.486951104525 29808.380602416528 127409.89697265625 8731.8408203125 41278.90901781165 92
140 4.1 52903.57725562119 24417.799810898465 127409.89697265625 8731.8408203125 43965.022737361185 121
150 4.2 54865.82402111235 22933.590338925078 127409.89697265625 8731.8408203125 46227.24949815538 162
160 5.2 59211.23352520283 16499.969481825177 127409.89697265625 8731.8408203125 48005.77954699947 204
170 6.6 60393.38363739938 21444.833209809738 130896.60791015625 8731.8408203125 50281.88738632202 256
180 8 55936.42050476074 24724.33784749742 145969.8720703125 8055.427001953125 52354.430096170174 322
190 12.6 59053.825493706594 28112.185704431486 145969.8720703125 6718.1689453125 53067.264008327504 402
200 16.3 54960.95495979918 25095.182606084472 145969.8720703125 6239.15283203125 54495.87527188388 528
210 21.7 50895.88432122155 23041.98022292794 152258.86108398438 6239.15283203125 54605.58292619675 691
220 26.8 52467.046396739446 27635.76759532424 152408.99682617188 6239.15283203125 53719.01398646149 908
230 34.2 51261.24918548408 24840.658256360006 152408.99682617188 4956.4169921875 53433.70164458606 1176
240 42.1 51381.31142369359 25952.275904222828 152408.99682617188 4956.4169921875 52944.25583364213 1518
250 58.3 50584.52496976506 25733.767676097043 152408.99682617188 4956.4169921875 52604.90586118811 1939
260 68.6 50213.00105770545 25710.044889012 154470.32983398438 4956.4169921875 52137.863014360344 2522
