10 19.46640625 19.46640625
20 20.73984375 40.20625
30 26.3796875 66.5859375
40 43.153125 109.7390625
50 56.125 165.8640625
60 81.0390625 246.903125
70 109.3296875 356.2328125
80 129.2140625 485.446875
90 150.52421875 635.97109375
100 210.0734375 846.04453125
110 309.1359375 1155.18046875
120 307.01796875 1462.1984375
130 412.553125 1874.7515625
140 435.10546875 2309.85703125
150 484.546875 2794.40390625
160 702.521875 3496.92578125
170 845.6796875 4342.60546875
180 1009.828125 5352.43359375
190 1395.2875 6747.72109375
200 1625.590625 8373.31171875
210 1773.6265625 10146.93828125
220 2374.20625 12521.14453125
230 2806.56328125 15327.7078125
240 2960.68046875 18288.38828125
250 4266.8875 22555.27578125
260 4556.47109375 27111.746875
