10 956.23515625 956.23515625
20 1048.3015625 2004.53671875
30 1262.96875 3267.50546875
40 2276.77109375 5544.2765625
50 2626.73125 8171.0078125
60 3875.8625 12046.8703125
70 5273.1421875 17320.0125
80 6086.48515625 23406.49765625
90 7079.640625 30486.13828125
100 9780.34765625 40266.4859375
110 14552.1609375 54818.646875
120 14855.3078125 69673.9546875
130 17793.634375 87467.5890625
140 17756.88828125 105224.47734375
150 17247.9328125 122472.41015625
160 17920.63046875 140393.040625
170 18624.76171875 159017.80234375
180 18895.51171875 177913.3140625
190 19447.484375 197360.7984375
200 19691.27578125 217052.07421875
210 19966.875 237018.94921875
220 19651.75 256670.69921875
230 20921.63046875 277592.3296875
240 20262.43828125 297854.76796875
250 22635.19765625 320489.965625
260 22961.04140625 343451.00703125
