10 1.6 16
20 3.2 48
30 3.6 84
40 5.1 135
50 8.7 222
60 7 292
70 8.5 377
80 8.8 465
90 9.1 556
100 8.8 644
110 8.5 729
120 8.6 815
130 8.3 898
140 8.1 979
150 8.1 1060
160 8.4 1144
170 8.4 1228
180 7.8 1306
190 7.7 1383
200 7.8 1461
210 7.9 1540
220 7.8 1618
230 7.3 1691
240 7.9 1770
250 7.8 1848
260 7.4 1922
270 8.1 2003
280 7.5 2078
290 7.9 2157
300 7.8 2235
310 7.7 2312
320 7.8 2390
330 8.1 2471
340 7.7 2548
350 7.8 2626
360 7.5 2701
370 7.8 2779
380 7.8 2857
390 7.6 2933
400 7.6 3009
410 8 3089
420 7.7 3166
430 7.8 3244
440 7.2 3316
450 8 3396
460 7.9 3475
470 7.5 3550
480 8 3630
490 7.7 3707
500 7.9 3786
510 7.6 3862
520 7.6 3938
530 8 4018
540 7.8 4096
550 7.8 4174
560 7.8 4252
570 7.4 4326
580 7.5 4401
590 7.8 4479
600 7.6 4555
610 8.1 4636
620 7.7 4713
630 8 4793
640 7.7 4870
650 7.7 4947
660 7.7 5024
670 7.6 5100
680 7.6 5176
690 8.1 5257
700 7.5 5332
710 7.9 5411
720 8 5491
730 7.8 5569
740 7.6 5645
750 7.8 5723
760 8.1 5804
770 7.6 5880
780 7.9 5959
790 7.5 6034
800 7.8 6112
810 7.9 6191
820 7.7 6268
830 7.8 6346
840 7.9 6425
850 7.7 6502
860 8 6582
870 7.6 6658
880 8 6738
890 7.4 6812
900 7.7 6889
910 7.9 6968
920 7.9 7047
930 8 7127
940 8.1 7208
950 8 7288
960 8.1 7369
970 8.1 7450
980 7.8 7528
990 8.1 7609
1000 8 7689
1010 4.4 7733
1020 2.4 7757
1030 1.3 7770
1040 0.5 7775
1050 0.6 7781
1060 0.1 7782
1070 0 7782
1080 0 7782
1085 0 7782
