10 0.4 4
20 0.7 11
30 0.6 17
40 0.3 20
50 0.8 28
60 0.9 37
70 1.8 55
80 1.9 74
90 1.6 90
100 1.2 102
110 0.8 110
120 1.3 123
130 0.5 128
140 0.5 133
150 1.4 147
160 0.6 153
170 1.5 168
180 0.1 169
190 0 169
200 0.1 170
210 0 170
220 0.1 171
230 0.4 175
240 0.3 178
250 0.1 179
260 0.1 180
270 0.1 181
280 0.3 184
290 0.1 185
300 0.2 187
310 0.2 189
320 0.1 190
330 0.2 192
340 0.1 193
350 0.1 194
360 0.1 195
370 0.2 197
380 0 197
390 0.2 199
400 0.1 200
410 0 200
420 0 200
430 0.5 205
440 0 205
450 0.1 206
460 0.1 207
470 0.3 210
480 0.1 211
490 0.2 213
500 0 213
510 0.1 214
520 0 214
530 0 214
540 0.2 216
550 0 216
560 0.1 217
570 0.2 219
580 0.2 221
590 0 221
600 0.1 222
610 0 222
620 0.1 223
630 0.1 224
640 0 224
650 0 224
660 0.1 225
670 0 225
680 0 225
690 0.1 226
700 0 226
710 0 226
720 0.2 228
730 0.1 229
740 0.2 231
750 0.1 232
760 0.2 234
770 0 234
780 0 234
790 0 234
800 0.2 236
810 0.3 239
820 0.1 240
830 0 240
840 0 240
850 0 240
860 0 240
870 0 240
880 0 240
890 0 240
900 0 240
910 0 240
920 0 240
930 0 240
940 0 240
950 0 240
960 0 240
970 0 240
980 0 240
990 0 240
1000 0 240
1010 0 240
1020 0 240
1030 0 240
1040 0 240
1050 0 240
1060 0 240
1070 0 240
1080 0 240
1085 0 240
