40 0.2 2
50 0.8 10
60 0.4 14
70 0.9 23
80 0.4 27
90 0.5 32
100 0.4 36
110 0.1 37
120 0.1 38
130 0.3 41
140 0.9 50
150 0.4 54
160 0.3 57
170 0.6 63
180 0.5 68
190 0.7 75
200 1.2 87
210 1.1 98
220 0.9 107
230 0.9 116
240 0.3 119
250 0.8 127
260 1.2 139
270 1.4 153
280 1.1 164
290 0.7 171
300 1.1 182
310 1.3 195
320 1 205
330 1.8 223
340 1 233
350 1 243
360 1.2 255
370 1.4 269
380 1.6 285
390 1.7 302
400 1.2 314
410 1.4 328
420 1 338
430 0.8 346
440 0.6 352
450 0.9 361
460 0.3 364
470 0.8 372
480 1.8 390
490 1.8 408
500 0.6 414
510 0.6 420
520 0.5 425
530 1.4 439
540 1.1 450
550 0.9 459
560 0.9 468
570 0.9 477
580 1.3 490
590 1.9 509
600 1.4 523
610 0.7 530
620 0.9 539
630 1.9 558
640 1.9 577
650 0.7 584
660 1.4 598
670 1.4 612
680 1.1 623
690 0.8 631
700 1.1 642
710 1.1 653
720 1.3 666
730 1.5 681
740 1.3 694
750 1.6 710
760 1.4 724
770 1.3 737
780 1 747
790 1.4 761
800 1.3 774
810 1.3 787
820 0.7 794
830 0.9 803
840 1.2 815
850 1.7 832
860 0.8 840
870 1 850
880 1.6 866
890 1.5 881
900 2.1 902
910 1.8 920
920 1.8 938
930 2 958
940 1.3 971
950 1.6 987
960 2.4 1011
970 2.2 1033
980 2.7 1060
990 2.4 1084
1000 1.9 1103
1010 0.4 1107
1020 0.2 1109
1030 0 1109
1040 0 1109
1050 0 1109
1060 0.2 1111
1070 0 1111
1080 0 1111
1085 0 1111
