20 0.4 4
30 0.7 11
40 0.2 13
50 0.4 17
60 0.3 20
70 0.4 24
80 0.9 33
90 1 43
100 0.6 49
110 0.5 54
120 0.4 58
130 0.4 62
140 0 62
150 0.1 63
160 0 63
170 0.1 64
180 0 64
190 0.2 66
200 0 66
210 0 66
220 0 66
230 0 66
240 0 66
250 0 66
260 0 66
270 0 66
280 0.1 67
290 0.1 68
300 0 68
310 0 68
320 0 68
330 0 68
340 0 68
350 0.1 69
360 0 69
370 0 69
380 0 69
390 0 69
400 0 69
410 0 69
420 0 69
430 0 69
440 0 69
450 0 69
460 0 69
470 0 69
480 0 69
490 0 69
500 0 69
510 0 69
520 0 69
530 0 69
540 0 69
550 0 69
560 0 69
570 0 69
580 0 69
590 0 69
600 0 69
610 0 69
620 0 69
630 0 69
640 0.1 70
650 0 70
660 0 70
670 0 70
680 0 70
690 0 70
700 0 70
710 0 70
720 0 70
730 0 70
740 0 70
750 0 70
760 0 70
770 0 70
780 0 70
790 0.1 71
800 0 71
810 0 71
820 0 71
830 0 71
840 0 71
850 0 71
860 0 71
870 0 71
880 0 71
890 0 71
900 0 71
910 0 71
920 0 71
930 0 71
940 0 71
950 0 71
960 0 71
970 0 71
980 0 71
990 0 71
1000 0 71
1010 0 71
1020 0 71
1030 0 71
1040 0 71
1050 0 71
1060 0 71
1070 0 71
1080 0 71
1085 0 71
