120 0.3 3
130 0.3 6
140 0.9 15
150 0.3 18
160 0.6 24
170 3.8 62
180 3.8 100
190 3.5 135
200 4.2 177
210 3.5 212
220 3.3 245
230 4.1 286
240 3.9 325
250 3.8 363
260 3.4 397
270 3.7 434
280 3.9 473
290 3.7 510
300 3.4 544
310 3.6 580
320 3.5 615
330 4.1 656
340 3.2 688
350 3.8 726
360 3.9 765
370 3.2 797
380 3.8 835
390 3.4 869
400 3.6 905
410 4.1 946
420 3.2 978
430 3.7 1015
440 3.4 1049
450 3.7 1086
460 2.9 1115
470 2.8 1143
480 4 1183
490 3.2 1215
500 3.4 1249
510 2.9 1278
520 3.8 1316
530 3.7 1353
540 3.9 1392
550 4.5 1437
560 3.9 1476
570 3.6 1512
580 3.3 1545
590 3.6 1581
600 3.2 1613
610 3.2 1645
620 3.7 1682
630 3.8 1720
640 4.1 1761
650 2.9 1790
660 3.8 1828
670 2.8 1856
680 3.3 1889
690 3.2 1921
700 3.7 1958
710 3.9 1997
720 3.7 2034
730 3.8 2072
740 4.1 2113
750 3.4 2147
760 3.8 2185
770 3.5 2220
780 4 2260
790 2.4 2284
800 3.8 2322
810 3.9 2361
820 4.1 2402
830 3.2 2434
840 3 2464
850 3.8 2502
860 2.7 2529
870 3.7 2566
880 2.3 2589
890 0.8 2597
900 0.3 2600
910 0.5 2605
920 0.2 2607
930 0.4 2611
940 0.2 2613
950 0.3 2616
960 0.2 2618
970 0 2618
980 0.1 2619
990 0 2619
1000 0 2619
1010 0 2619
1020 0 2619
1030 0 2619
1040 0 2619
1050 0 2619
1060 0 2619
1070 0 2619
1080 0 2619
1085 0 2619
