90 5.2 52
100 11.5 167
110 31.2 479
120 37.6 855
130 54.1 1396
140 80.7 2203
150 97.2 3175
160 121.4 4389
170 113.8 5527
180 104.1 6568
190 116.7 7735
200 106.1 8796
210 105.9 9855
220 118.5 11040
230 108.8 12128
240 106.8 13196
250 113.9 14335
260 106.2 15397
270 106.7 16464
280 111.6 17580
290 107.9 18659
300 111.4 19773
310 107.1 20844
320 111.3 21957
330 106.9 23026
340 101.5 24041
350 103.2 25073
360 116.8 26241
370 111 27351
380 104.8 28399
390 106.4 29463
400 108.3 30546
410 106.4 31610
420 107.1 32681
430 107 33751
440 105.4 34805
450 110.5 35910
460 105.9 36969
470 110.5 38074
480 104.6 39120
490 114.5 40265
500 113.4 41399
510 103.9 42438
520 113 43568
530 108.6 44654
540 110.8 45762
550 109.9 46861
560 111.6 47977
570 112.4 49101
580 114.3 50244
590 104.6 51290
600 109.2 52382
610 107.3 53455
620 111.4 54569
630 109.3 55662
640 112 56782
650 105.5 57837
660 104.9 58886
670 105.1 59937
680 102.7 60964
690 109.5 62059
700 99.1 63050
710 105.3 64103
720 109.5 65198
730 109 66288
740 112 67408
750 108.6 68494
760 108.8 69582
770 109.7 70679
780 104.4 71723
790 99.8 72721
800 105.1 73772
810 105.8 74830
820 102.7 75857
830 107.3 76930
840 100.1 77931
850 99.5 78926
860 103.4 79960
870 104 81000
880 93.2 81932
890 71.5 82647
900 60.6 83253
910 53.3 83786
920 34.2 84128
930 20.5 84333
940 16.2 84495
950 9.3 84588
960 5.6 84644
970 0.3 84647
980 0 84647
990 0 84647
1000 0 84647
1010 0 84647
1020 0 84647
1030 0 84647
1040 0 84647
1050 0 84647
1060 0 84647
1070 0 84647
1080 0 84647
1085 0 84647
