10 7 7
20 18 11
30 28 10
40 36 8
50 56 20
60 67 11
70 102 35
80 140 38
90 190 50
100 221 31
110 302 81
120 374 72
130 454 80
140 601 147
150 701 100
160 880 179
170 1036 156
180 1034 -2
190 1039 5
200 1051 12
210 1056 5
220 1069 13
230 1087 18
240 1104 17
250 1132 28
260 1170 38
270 1224 54
280 1221 -3
290 1332 111
300 1336 4
310 1329 -7
320 1500 171
330 1410 -90
340 1292 -118
350 1421 129
360 1404 -17
370 1292 -112
380 1180 -112
390 1211 31
400 1271 60
410 1236 -35
420 1244 8
430 1320 76
440 1248 -72
450 1233 -15
460 1288 55
470 1270 -18
480 1184 -86
490 1232 48
500 1204 -28
510 1190 -14
520 1180 -10
530 1180 0
540 1183 3
550 1299 116
560 1277 -22
570 1258 -19
580 1312 54
590 1321 9
600 1272 -49
610 1265 -7
620 1246 -19
630 1241 -5
640 1266 25
650 1254 -12
660 1176 -78
670 1151 -25
680 1132 -19
690 1148 16
700 1173 25
710 1228 55
720 1254 26
730 1303 49
740 1258 -45
750 1199 -59
760 1155 -44
770 1143 -12
780 1132 -11
790 1226 94
800 1260 34
810 1202 -58
820 1123 -79
830 1097 -26
840 1085 -12
850 1056 -29
860 1019 -37
870 933 -86
880 893 -40
890 779 -114
900 657 -122
910 576 -81
920 464 -112
930 375 -89
940 314 -61
950 274 -40
960 225 -49
970 185 -40
980 150 -35
990 107 -43
1000 72 -35
1010 50 -22
1020 36 -14
1030 21 -15
1040 8 -13
1050 2 -6
1060 0 -2
1070 0 0
1080 0 0
1085 0 0
