10 0.7 155.23744419642858 375.62794210631574 1075.333984375 1.593017578125 0 0
20 1.1 1.7988503196022727 0.18831122225777627 1075.333984375 1.491943359375 155.23744419642858 7
30 1 1.77412109375 0.16018169666126644 1075.333984375 1.47509765625 61.46941460503472 18
40 0.9 1.7328016493055556 0.1433181999737342 1075.333984375 1.47509765625 40.149666922433035 28
50 2.4 3.212677001953125 2.475297732571929 1075.333984375 1.47509765625 30.805024018158782 37
60 1.3 2.752253605769231 1.7888150161640857 1075.333984375 1.462158203125 19.949018634733605 61
70 3.9 1.6808080428685896 0.23868420387757386 1075.333984375 1.453857421875 16.92796531883446 74
80 4.1 1.6632467130335367 0.12802235566600637 1075.333984375 1.453857421875 11.665672099695797 113
90 5.3 1.641094855542453 0.14690113094789667 1075.333984375 1.442138671875 9.002688717532468 154
100 3.8 1.5759341591282894 0.11268999339752593 1075.333984375 1.4189453125 7.1178361828200485 207
110 8.8 1.5748429731889204 0.12634175407902207 1075.333984375 1.3759765625 6.258275868941326 245
120 8.2 1.5428139291158536 0.06641061198982588 1075.333984375 1.3759765625 5.0206119205142645 333
130 10 1.60769775390625 0.22346409634041675 1075.333984375 1.303955078125 4.333432558358433 415
140 17.4 1.5398608679058907 0.24678594779482452 1075.333984375 1.248046875 3.8041636642900483 515
150 14.5 1.537353515625 0.5480023134889889 1075.333984375 1.248046875 3.2323368332728593 689
160 22.7 1.5640541110269823 0.8434433439175414 1075.333984375 1.157958984375 2.937645489077488 834
170 25.3 13.375216156126482 108.06897137253623 1075.333984375 0.965087890625 2.6437668436321866 1061
180 12.1 505.8403017658834 1393.09146906891 7013.260009765625 0.965087890625 4.710020021760845 1314
190 14.9 2078.4037266673668 4582.341919194743 15033.14404296875 0.965087890625 46.965604754192086 1435
200 14.5 1846.7448865167025 4421.467419043051 15040.1669921875 0.965087890625 238.05416546445915 1584
210 16.8 6466.209250313894 10563.097025373405 31079.942138671875 0.965087890625 372.9646076579672 1729
220 17.9 4322.98740834497 8957.401254859442 31080.01708984375 0.965087890625 912.5877494429939 1897
230 17.2 3380.7683219022556 8233.544904947823 31081.753173828125 0.965087890625 1206.64436743117 2076
240 17 6850.047993738511 16121.201837982198 63162.070068359375 0.965087890625 1372.99192978394 2248
250 18.9 10207.101411365325 18097.70109401539 63162.070068359375 0.965087890625 1758.0620418072142 2418
260 19.5 14621.426392227564 21281.673897993962 63164.118896484375 0.965087890625 2370.593089312578 2607
270 20.3 12287.366503184656 17558.137644469498 63164.702880859375 0.965087890625 3223.167141442636 2802
280 20.5 12787.567070788871 16759.422528991538 63164.702880859375 0.965087890625 3835.490758891431 3005
290 28.6 16194.520537689847 21501.727139782 63164.702880859375 0.965087890625 4407.1965669721085 3210
300 26.1 13347.46902313817 18135.439166590422 63166.62890625 0.965087890625 5371.491376933572 3496
310 27.6 19614.790493730183 18569.79652521973 63188.850830078125 0.965087890625 5925.585112802456 3757
320 46.1 36694.11085573145 20214.176363421917 63188.850830078125 0.965087890625 6862.411466667087 4033
330 33.8 35692.513297718644 21687.560550494287 63188.850830078125 0.965087890625 9922.58356688041 4494
340 24.1 37889.90488342032 28036.573805522832 63188.850830078125 0.965087890625 11725.19868464186 4832
350 35.1 51883.405119719326 23307.957389044204 63188.850830078125 0.965087890625 12968.189852374091 5073
360 39 44247.16682128904 26873.74753322853 63188.850830078125 0.965087890625 15486.48641558172 5424
370 23.7 24333.298226529536 26522.121123166668 63213.080078125 0.965087890625 17415.737423188504 5814
380 18.8 7605.166867519942 15225.517477413492 63213.080078125 0.965087890625 17686.67807934316 6051
390 21.3 10743.849248321963 17780.209051329886 63213.080078125 0.965087890625 17382.891557813626 6239
400 25.2 13322.772077287942 18997.42475351005 63213.080078125 0.965087890625 17163.716726455637 6452
410 20.5 6301.556684689405 10121.10100745382 63213.080078125 0.965087890625 17019.337542149213 6704
420 23.8 6058.8220430261945 14256.722384392928 63213.080078125 0.965087890625 16701.325517865054 6909
430 28.9 7964.306302714101 11930.873781527935 63213.080078125 0.965087890625 16346.922855627521 7147
440 20.8 7351.836327185999 11030.388821095205 63213.080078125 0.965087890625 16021.1326211208 7436
450 22 23377.001321688556 20001.56901393171 63213.080078125 0.965087890625 15785.23340223822 7644
460 25.3 30788.510018450477 20625.500896753645 63213.080078125 0.965087890625 15997.617550544308 7864
470 21 23526.501891508542 21101.122685946862 63213.080078125 0.965087890625 16458.637113730245 8117
480 17.9 21638.789171613127 25885.92657513932 63217.592041015625 0.965087890625 16636.882772831173 8327
490 22.7 32964.896101493665 28476.78971217184 63217.592041015625 0.965087890625 16742.142735843398 8506
500 17.3 22445.988468941916 27145.93768620565 63217.592041015625 0.965087890625 17163.826580341578 8733
510 14 12176.274830845425 18585.84643901904 63217.592041015625 0.965087890625 17266.433138474054 8906
520 19.4 14005.345787441607 20299.54880127319 63217.592041015625 0.965087890625 17187.65553919614 9046
530 16.3 18507.15260137078 20796.253198833758 63217.592041015625 0.965087890625 17120.84081064199 9240
540 19.6 14040.939689791932 19908.78951041875 63217.592041015625 0.965087890625 17144.872377364183 9403
550 27.5 25502.516680575278 24879.488575523028 63217.592041015625 0.965087890625 17081.493816392816 9599
560 20 20775.66637939453 24097.5349681741 63217.592041015625 0.965087890625 17316.027064078677 9874
570 22.4 18717.23127746583 21857.87531107757 63217.592041015625 0.965087890625 17384.71158493069 10074
580 25.8 22660.24878592084 24387.46724045656 63217.592041015625 0.965087890625 17413.696282068762 10298
590 23.1 23845.87580217634 21191.70918141692 63217.592041015625 0.965087890625 17541.927671420206 10556
600 24 34779.70053914391 24403.814245138085 63217.592041015625 0.965087890625 17676.924613869884 10787
610 23 25551.941801120924 21015.192879998496 63217.592041015625 0.965087890625 18049.162414002807 11027
620 22.2 34078.39533405472 27738.771256291875 63217.592041015625 0.965087890625 18202.45718694739 11257
630 21 37837.06501697359 27983.252617567374 63217.592041015625 0.965087890625 18509.492492170655 11479
640 25 38951.2958154297 27991.569589018643 63217.592041015625 0.965087890625 18856.724097116214 11689
650 17.1 34100.63575218157 27364.524875207586 63217.592041015625 0.965087890625 19277.499951842605 11939
660 14.8 25756.644127098287 29330.643075936503 63217.592041015625 0.965087890625 19486.810952821794 12110
670 14.2 20295.141041070638 26142.441871934672 63217.592041015625 0.965087890625 19562.511337043765 12258
680 14.7 18507.91364065157 26790.01807986505 63217.592041015625 0.965087890625 19570.901128815687 12400
690 17.5 19151.76363002232 27133.66865852934 63217.592041015625 0.965087890625 19558.447222642088 12547
700 16.3 8079.388355840203 20005.147176967403 63217.592041015625 0.965087890625 19552.85300563938 12722
710 20.6 7130.420699332521 17557.608229900026 63217.592041015625 0.965087890625 19407.709448175872 12885
720 19.1 9096.911644101769 19581.580056686267 63217.592041015625 0.965087890625 19214.514009915867 13091
730 23.1 5243.563101368036 9680.198565808008 63217.592041015625 0.965087890625 19069.0192010113 13282
740 19.4 8935.135553418973 18258.204727791595 63217.592041015625 0.965087890625 18832.67787347355 13513
750 15.6 15098.420948517622 19968.636613987812 63217.592041015625 0.965087890625 18692.5944700964 13707
760 16.4 24484.673808772404 22819.766895182795 63217.592041015625 0.965087890625 18652.14932334849 13863
770 15.7 20294.545464582505 22624.107361786842 63217.592041015625 0.965087890625 18720.34166779916 14027
780 15.5 22299.384034778224 22910.154721571107 63217.592041015625 0.965087890625 18737.76623041161 14184
790 26.1 49507.88221197019 25104.814307551787 63217.592041015625 0.965087890625 18776.266178781567 14339
800 24.7 48419.181950990016 25633.695976396622 63217.592041015625 0.965087890625 19325.646438005006 14600
810 13.3 18615.23113325305 26619.29565697334 63217.592041015625 0.965087890625 19809.656896124983 14847
820 14.9 8533.650352938874 16257.667607106336 63217.592041015625 0.965087890625 19799.052181407897 14980
830 15.1 32791.63203319019 24545.63722660997 63217.592041015625 0.965087890625 19688.103349863057 15129
840 15.4 36580.83504971591 26559.359546824562 63217.592041015625 0.965087890625 19817.59502729646 15280
850 14.1 32970.6583987838 27752.11269674694 63217.592041015625 0.965087890625 19984.85814531205 15434
860 12.7 30058.88897945373 28934.70825775736 63217.592041015625 0.965087890625 20102.418198971085 15575
870 7.2 40757.77603827583 29958.41643573991 63217.592041015625 0.965087890625 20182.947544858318 15702
880 10 36609.4306298828 31150.881095237663 63217.592041015625 0.965087890625 20276.86079777616 15774
890 1.4 13530.109375 25903.90879184083 63217.592041015625 0.965087890625 20379.74960861216 15874
900 2.9 1.7838934536637931 0.5640118953242894 63217.592041015625 0.965087890625 20373.713923612755 15888
910 3.7 2.665415171030405 1.515478010210623 63217.592041015625 0.965087890625 20336.59725772882 15917
920 0.4 1.7493896484375 0.06318491915177907 63217.592041015625 0.965087890625 20289.43946167926 15954
930 0.3 1.7964680989583333 0.03379640787262018 63217.592041015625 0.965087890625 20284.354190323946 15958
940 0.5 1.93642578125 0.194433544701149 63217.592041015625 0.965087890625 20280.54191833806 15961
950 0.5 2.5490234375 1.3479708486257453 63217.592041015625 0.965087890625 20274.191359183435 15966
960 0 0 0 63217.592041015625 0.965087890625 20267.844968119713 15971
970 0.3 2.026123046875 0.4875748470917262 63217.592041015625 0.965087890625 20267.844968119713 15971
980 0 0 0 63217.592041015625 0.965087890625 20264.038942294294 15974
990 0 0 0 63217.592041015625 0.965087890625 20264.038942294294 15974
1000 0.1 1.74609375 0.0 63217.592041015625 0.965087890625 20264.038942294294 15974
1010 0.1 1.996826171875 0.0 63217.592041015625 0.965087890625 20262.770567155105 15975
1020 0 0 0 63217.592041015625 0.965087890625 20261.502366495304 15976
1030 0 0 0 63217.592041015625 0.965087890625 20261.502366495304 15976
1040 0 0 0 63217.592041015625 0.965087890625 20261.502366495304 15976
1050 0 0 0 63217.592041015625 0.965087890625 20261.502366495304 15976
1060 0.1 3.48388671875 0.0 63217.592041015625 0.965087890625 20261.502366495304 15976
1070 0 0 0 63217.592041015625 0.965087890625 20260.234417663873 15977
1080 0 0 0 63217.592041015625 0.965087890625 20260.234417663873 15977
1085 0 0 0 63217.592041015625 0.965087890625 20260.234417663873 15977
