300 13.2 132
310 18.7 319
320 39.2 711
330 47 1181
340 53.3 1714
350 84.5 2559
360 108.4 3643
370 107 4713
380 173.6 6449
390 214.6 8595
400 218.4 10779
410 361.9 14398
420 416.6 18564
430 260.8 21172
440 51.8 21690
450 31.8 22008
460 62.6 22634
470 60.1 23235
480 53 23765
490 100.3 24768
500 111.2 25880
510 90.8 26788
520 172.4 28512
530 172.4 30236
540 178.2 32018
550 339.8 35416
560 304.5 38461
570 145.3 39914
580 54.7 40461
590 49.8 40959
600 47.3 41432
610 54.8 41980
620 53.9 42519
630 52.9 43048
640 75.6 43804
650 80.1 44605
660 76.8 45373
670 140.9 46782
680 162.1 48403
690 191.9 50322
700 299.7 53319
710 245.9 55778
720 92.9 56707
730 57.6 57283
740 74.9 58032
750 45.3 58485
760 30.1 58786
770 36.2 59148
780 39.9 59547
790 45.2 59999
800 48.7 60486
810 48.5 60971
820 64.3 61614
830 99.3 62607
840 110.8 63715
850 160.3 65318
860 192.7 67245
870 128.5 68530
880 32.2 68852
890 8.7 68939
900 11.8 69057
910 9.3 69150
920 1 69160
930 0.8 69168
940 0.9 69177
950 0.1 69178
960 0.1 69179
970 0 69179
980 0 69179
990 0 69179
1000 0 69179
1010 0 69179
1020 0 69179
1030 0 69179
1040 0 69179
1050 0 69179
1060 0 69179
1070 0 69179
1080 0 69179
1085 0 69179
