390 0.2 2
400 0 2
410 0 2
420 0.3 5
430 0.5 10
440 0.5 15
450 2.6 41
460 2.1 62
470 6.9 131
480 10.3 234
490 17.6 410
500 9.5 505
510 8.5 590
520 8.9 679
530 6.9 748
540 9.2 840
550 7.2 912
560 4.1 953
570 4.9 1002
580 5.5 1057
590 5.7 1114
600 14.3 1257
610 22.8 1485
620 21.1 1696
630 11.4 1810
640 15.5 1965
650 17.7 2142
660 18.5 2327
670 24.2 2569
680 29.7 2866
690 31.1 3177
700 47.5 3652
710 42.5 4077
720 40.7 4484
730 61.1 5095
740 75.5 5850
750 31 6160
760 22.2 6382
770 26.7 6649
780 30 6949
790 36 7309
800 51.2 7821
810 50.7 8328
820 65.3 8981
830 98.2 9963
840 111.6 11079
850 158.9 12668
860 192.8 14596
870 127.4 15870
880 31.5 16185
890 9.9 16284
900 12 16404
910 9.5 16499
920 1 16509
930 0.8 16517
940 0.9 16526
950 0.1 16527
960 0.1 16528
970 0 16528
980 0 16528
990 0 16528
1000 0 16528
1010 0 16528
1020 0 16528
1030 0 16528
1040 0 16528
1050 0 16528
1060 0 16528
1070 0 16528
1080 0 16528
1085 0 16528
