320 0.1 1
330 0.4 5
340 1.5 20
350 2.6 46
360 3.5 81
370 6 141
380 12.7 268
390 16.7 435
400 27.7 712
410 31.3 1025
420 51.9 1544
430 82.5 2369
440 96.3 3332
450 57 3902
460 61 4512
470 48.5 4997
480 46.9 5466
490 56.5 6031
500 47.8 6509
510 48.9 6998
520 44.6 7444
530 30.7 7751
540 45.3 8204
550 35.8 8562
560 24.5 8807
570 30.4 9111
580 30.9 9420
590 14.3 9563
600 13.6 9699
610 13.4 9833
620 11.9 9952
630 9.3 10045
640 9.5 10140
650 7.1 10211
660 7.8 10289
670 5.6 10345
680 6.5 10410
690 5.8 10468
700 10.4 10572
710 9.8 10670
720 11.1 10781
730 19.7 10978
740 23.6 11214
750 9.8 11312
760 3.6 11348
770 4.6 11394
780 2.4 11418
790 3.6 11454
800 5.2 11506
810 3.2 11538
820 2.3 11561
830 1 11571
840 1 11581
850 1 11591
860 1.1 11602
870 1.3 11615
880 0.9 11624
890 1.5 11639
900 0.3 11642
910 0.5 11647
920 0 11647
930 0 11647
940 0 11647
950 0 11647
960 0 11647
970 0 11647
980 0 11647
990 0 11647
1000 0 11647
1010 0 11647
1020 0 11647
1030 0 11647
1040 0 11647
1050 0 11647
1060 0 11647
1070 0 11647
1080 0 11647
1085 0 11647
