0 0 0
10 0 0
20 0 0
30 0 0
40 0.1 1
50 0.4 5
60 0.2 7
70 0.4 11
80 0.3 14
90 0.4 18
100 0.5 23
110 0.7 30
120 1 40
130 2.1 61
140 2.6 87
150 4.5 132
160 4.9 181
170 6.9 250
180 9 340
190 11.3 453
200 9.5 548
210 12.8 676
220 12.8 804
230 11.5 919
240 11.9 1038
250 12.6 1164
260 13 1294
270 11.3 1407
280 11.8 1525
290 11.1 1636
300 12.3 1759
310 11.6 1875
320 11.6 1991
330 13 2121
340 10 2221
350 11.6 2337
360 12.7 2464
370 12 2584
380 12.5 2709
390 12.1 2830
400 11.5 2945
410 12.4 3069
420 11.7 3186
430 12.1 3307
440 13.9 3446
450 14.1 3587
460 11.8 3705
470 18 3885
480 23 4115
490 30.2 4417
500 20.4 4621
510 18.8 4809
520 22.2 5031
530 19.2 5223
540 22.7 5450
550 18.6 5636
560 16.2 5798
570 17.2 5970
580 17.7 6147
590 16.5 6312
600 26.4 6576
610 34 6916
620 34.3 7259
630 23.5 7494
640 28.4 7778
650 29.2 8070
660 29.3 8363
670 39.2 8755
680 41.8 9173
690 43.7 9610
700 58.1 10191
710 54.4 10735
720 53.8 11273
730 71.5 11988
740 87.6 12864
750 41 13274
760 34.6 13620
770 39.9 14019
780 41.3 14432
790 49.5 14927
800 63.1 15558
810 62.9 16187
820 78 16967
830 111.8 18085
840 123.6 19321
850 171.3 21034
860 205.4 23088
870 139.9 24487
880 43.6 24923
890 23.9 25162
900 25.7 25419
910 18.6 25605
920 12.4 25729
930 9.2 25821
940 7.2 25893
950 4.4 25937
960 5.1 25988
970 4.2 26030
980 3.5 26065
990 4.1 26106
1000 3.8 26144
1010 2 26164
1020 1.4 26178
1030 1.4 26192
1040 1.3 26205
1050 0.6 26211
1060 0.3 26214
1070 0 26214
1080 0 26214
1085 0 26214
