10 1.6 269.67420959472656 302.8750744861906 1374.251953125 9.739990234375 0 0
20 3.2 183.55183410644528 98.85575094807994 1374.251953125 6.2080078125 269.67420959472656 16
30 3.6 234.1888224283854 149.91508861132482 1374.251953125 6.2080078125 212.25929260253906 48
40 5 276.5537255859374 217.56036700023319 1374.251953125 5.281005859375 221.65766252790178 84
50 8.9 435.7785562236656 375.82319000468414 1757.72607421875 5.281005859375 242.14126814657178 134
60 7 528.9336146763393 361.7194109694036 1757.72607421875 5.281005859375 319.4225176481921 223
70 8.3 1275.571486139872 616.46559493097 2627.840087890625 5.281005859375 369.4763633545754 293
80 8.7 3894.016110475036 1647.9082272770984 8621.975830078125 5.281005859375 569.4920420545212 376
90 13.5 5533.000658275463 4239.276175459629 13731.6669921875 1.205078125 1194.1866294251147 463
100 18 5050.635796440974 5652.877435751166 16770.4169921875 1.18603515625 2173.684779750862 598
110 33.6 3124.3874315534304 5738.538899695173 20212.52099609375 1.166015625 2839.303266902816 778
120 39.7 2494.4085204463177 5216.166882885922 20586.011962890625 1.143798828125 2925.2891549841506 1114
130 51.4 2173.675260195011 5220.354664774335 21047.299072265625 1.119140625 2812.0796169884397 1511
140 73.4 1449.5732544943169 4189.57732474819 21787.244873046875 1.118896484375 2650.035251856675 2025
150 86.5 1228.9465975546423 3944.515383008085 21787.244873046875 1.09619140625 2330.666239147733 2759
160 103.7 1036.6576027792014 3621.1529363354384 21787.244873046875 1.078125 2067.700596217815 3624
170 102 1297.9409545898443 3608.116831991591 21787.244873046875 0.99609375 1838.3095676411483 4661
180 91.9 2255.6390299833347 4873.899723559971 21787.244873046875 0.99609375 1741.28862321018 5681
190 102.5 2506.730827934448 5177.283630376867 25134.93115234375 0.99609375 1812.908020759351 6600
200 93.6 2682.4443265474765 5526.788488957327 25134.93115234375 0.99609375 1906.176004674692 7625
210 93.1 3185.819613381946 6492.726495065512 39570.22998046875 0.99609375 1991.0477660662266 8561
220 102.1 3403.735391017154 7911.603315298315 46580.213134765625 0.99609375 2108.234090323594 9492
230 96.1 2922.854954555803 6572.623810367353 46580.213134765625 0.99609375 2234.050396611821 10513
240 96.6 2995.2620708078553 6602.849047751212 48163.531982421875 0.99609375 2291.7409300076865 11474
250 100.4 3847.9288818845694 10443.45111784544 71661.8330078125 0.99609375 2346.371269397796 12440
260 94.9 3781.716415614297 9397.92302814057 78624.61010742188 0.99609375 2458.507824213083 13444
270 95.4 5029.624492525305 13627.072623826405 81026.49389648438 0.99609375 2545.7533569887205 14393
280 99.9 5105.897722673843 12562.079277894727 104736.4619140625 0.99609375 2700.155719880615 15347
290 97.4 4629.363146396142 11581.282367609861 104754.38793945313 0.99609375 2847.184733754984 16346
300 102.7 6123.650777874346 15547.08719110663 119701.35083007813 0.99609375 2947.4065451818024 17320
310 103.1 6924.276634297716 15915.992387772532 119701.35083007813 0.99609375 3125.201434099622 18347
320 105 8716.314540783122 19847.15480181329 119735.1171875 0.99609375 3327.3299577555326 19378
330 109.8 13082.42700350957 23645.64722164058 119735.1171875 0.99609375 3604.3239763662123 20428
340 101.1 13041.503153060476 24694.83449593188 135754.326171875 0.99609375 4087.7838446094256 21526
350 95.7 9575.554593874498 22610.899894261183 135754.326171875 0.99609375 4489.443791401102 22537
360 117.2 15645.76071489874 28868.428447905368 167860.205078125 0.99609375 4696.620433861604 23494
370 107.5 13717.830023846294 27297.38513091625 167860.205078125 0.99609375 5216.866619273731 24666
380 103 12178.692611546194 25771.851115600923 167860.205078125 0.99609375 5571.885292204678 25741
390 96.4 4412.2867530411395 11421.921866252631 167860.205078125 0.99609375 5826.078693232722 26771
400 98.8 5304.445397751532 13721.050741825287 167860.205078125 0.99609375 5776.938782277442 27735
410 99.8 5819.819272089109 13697.682361528527 167860.205078125 0.99609375 5760.686181089837 28723
420 101 5141.513424108526 13559.835255829388 167860.205078125 0.99609375 5762.671808249665 29721
430 101.7 5144.577531812703 13188.439804906822 176892.34594726563 0.99609375 5742.256918790079 30731
440 99.2 4908.426526715681 10550.524537187233 176892.34594726563 0.99609375 5723.111147826365 31748
450 102.1 5640.692413897985 12625.67074160576 176892.34594726563 0.99609375 5698.426751242926 32740
460 97.5 6707.36795247396 18765.522076292007 176892.34594726563 0.99609375 5696.680749689975 33761
470 101.1 7453.121085539535 17166.96827150294 176892.34594726563 0.99609375 5725.049589588477 34736
480 100.9 9476.810886590993 21220.723366139606 189242.43212890625 0.99609375 5773.923069388363 35747
490 104.4 7072.709433603105 18286.343254006708 189242.43212890625 0.99609375 5875.572155457507 36756
500 103.4 7860.643693521823 20206.341931573064 189242.43212890625 0.99609375 5908.635946949147 37800
510 95.3 6057.518273144431 18621.93687832348 254311.97387695313 0.99609375 5960.610402579681 38834
520 104.4 6905.747127138335 19067.033031013347 270849.6540527344 0.99609375 5962.931592934527 39787
530 98.2 5941.575487933192 16954.221889155404 270849.6540527344 0.99609375 5987.038262320747 40831
540 102.6 8758.282295569095 27075.319058572804 270849.6540527344 0.99609375 5985.970545475541 41813
550 100.2 7013.335516223411 24106.705411101168 291808.0009765625 0.99609375 6052.367796942569 42839
560 102.9 7326.467906540399 20771.311692187825 291808.0009765625 0.99609375 6074.331019832544 43841
570 104.5 10554.948406894811 28040.581318747525 291808.0009765625 0.99609375 6103.0461715245965 44870
580 103.5 7779.325545601224 23907.79390147574 324330.6511230469 0.99609375 6204.369003626565 45915
590 98.1 9078.987182492752 23858.246213518378 324330.6511230469 0.99609375 6239.088492890543 46950
600 107.2 12133.295577775183 30608.966753923538 363045.3830566406 0.99609375 6297.212475584411 47931
610 101.1 9662.70742752573 23894.44628287444 363045.3830566406 0.99609375 6424.883864796266 49003
620 104.7 11064.585713179766 32291.090843464655 396050.3098144531 0.99609375 6490.334331104089 50014
630 100.2 9734.101533261623 25761.03961032613 396050.3098144531 0.99609375 6584.128835658117 51061
640 106.1 12801.924478399658 38635.03907171056 407492.5788574219 0.99609375 6644.752938053267 52063
650 98.4 11691.235990694857 37670.28801831499 407492.5788574219 0.99609375 6767.7248340759215 53124
660 99.2 14206.295835925683 40322.48268134664 407492.5788574219 0.99609375 6857.263072009556 54108
670 94.7 10856.200946554085 32292.231039202197 407492.5788574219 0.99609375 6989.572337015087 55100
680 94.6 9714.78171918356 37440.44760929832 407492.5788574219 0.99609375 7054.904955946225 56047
690 99.3 10708.907326382328 43284.80802618273 407492.5788574219 0.99609375 7099.054999250183 56993
700 90 11307.626990017363 49162.02105207462 430539.0549316406 0.99609375 7160.873082250256 57986
710 94 7176.976296542554 37885.915505344106 447044.23486328125 0.99609375 7224.251109574075 58886
720 99.4 6423.999444174814 27965.065618573393 447044.23486328125 0.99609375 7223.508316737354 59826
730 97.7 8630.831270091 34837.477683789875 555475.8171386719 0.99609375 7210.44169688653 60820
740 105.9 9410.357581638404 36989.174698180046 555475.8171386719 0.99609375 7232.897813089918 61797
750 100.3 6981.667387729393 26287.772390275502 555475.8171386719 0.99609375 7269.583728434401 62856
760 101.1 13112.914056221423 49758.58756183388 555475.8171386719 0.99609375 7265.061576666802 63859
770 97.5 17089.074712039248 66367.28145252209 558762.6040039063 0.99609375 7356.200452215279 64870
780 98.9 21632.06886962643 74787.92573492813 558762.6040039063 0.99609375 7500.320011837549 65845
790 93.8 27694.225154657102 92283.2617420548 585709.6440429688 0.99609375 7709.439615936559 66834
800 98.9 19279.56543018122 56803.89475142403 585709.6440429688 0.99609375 7986.039522023437 67772
810 96.6 17560.349488062882 57592.18828239859 585709.6440429688 0.99609375 8148.476035790952 68761
820 99.8 25324.506431319678 80550.95377880406 601576.4609375 0.954833984375 8278.868419729664 69727
830 98.7 30707.836647659813 106212.61996342111 617748.4680175781 0.954833984375 8519.39930323008 70725
840 93.7 27434.192842432647 102108.13930919353 617748.4680175781 0.954833984375 8824.787350683117 71712
850 93 38329.61103699387 121926.11980459835 622256.3649902344 0.954833984375 9064.80459724906 72649
860 96 30751.978582509346 110897.06037682766 622256.3649902344 0.954833984375 9434.696414057697 73579
870 94.4 25743.340255220057 104316.1015946807 622256.3649902344 0.954833984375 9709.245185596268 74539
880 86.2 22100.137657360232 92999.20474419519 622256.3649902344 0.954833984375 9909.769618193342 75483
890 64.8 2702.163614908855 20299.2931245017 622256.3649902344 0.954833984375 10047.409244229912 76345
900 57.2 9495.637087948675 49723.880938390335 622256.3649902344 0.954833984375 9985.589089569097 76993
910 51.8 13412.321796196302 55185.43433544551 637662.1960449219 0.954833984375 9981.975958067429 77565
920 34.7 2927.774372551557 5709.981930588236 637662.1960449219 0.954833984375 10004.732757167754 78083
930 24.3 4382.780535662616 6625.076924566631 637662.1960449219 0.954833984375 9973.421976095948 78430
940 21.6 5143.376567699289 6802.003917102715 637662.1960449219 0.954833984375 9956.153969663941 78673
950 15.1 6321.94496649938 6809.581358166024 637662.1960449219 0.954833984375 9942.976468126028 78889
960 13.2 8686.10724431818 7458.429161824652 637662.1960449219 0.954833984375 9936.058758653031 79040
970 8.7 12333.943451980065 4717.116319753996 637662.1960449219 0.954833984375 9933.97476936525 79172
980 8.3 12397.628117940512 4193.201882883398 637662.1960449219 0.954833984375 9936.60913612975 79259
990 9 9601.127813042534 4816.526363803563 637662.1960449219 0.954833984375 9939.183618440384 79342
1000 8.8 3119.888386119496 1917.392552188185 637662.1960449219 0.954833984375 9938.800586129906 79432
1010 4.3 197.71494027071222 86.82751724615493 637662.1960449219 0.954833984375 9931.254506230498 79520
1020 2.5 179.24500976562504 89.77157841251645 637662.1960449219 0.954833984375 9925.993993161153 79563
1030 1.3 172.23704176682693 80.73763477092791 637662.1960449219 0.954833984375 9922.93236672771 79588
1040 0.4 163.1383056640625 58.315916305156 637662.1960449219 0.954833984375 9921.3399364916 79601
1050 0.6 165.00834147135416 38.80605243320276 637662.1960449219 0.954833984375 9920.849605400295 79605
1060 0.2 71.2724609375 61.451416015625 637662.1960449219 0.954833984375 9920.114342087643 79611
1070 0 0 0 637662.1960449219 0.954833984375 9919.866924156371 79613
1080 0 0 0 637662.1960449219 0.954833984375 9919.866924156371 79613
1085 0 0 0 637662.1960449219 0.954833984375 9919.866924156371 79613
