10 2 215.72215576171874 233.86101852830768 1161.913818359375 9.739990234375 0 0
20 4.3 136.57594476744185 81.63318550345855 1161.913818359375 6.2080078125 215.72215576171874 20
30 4.9 174.47105189732142 138.2165498304905 1161.913818359375 6.2080078125 161.70172603546627 63
40 5.8 236.3389261179957 182.19949038749095 1161.913818359375 5.281005859375 167.2883061000279 112
50 10.7 362.45274167640196 336.7930652708535 1757.72607421875 3.1591796875 190.8467529296875 170
60 8.6 430.5096662654434 286.99359314840405 1757.72607421875 3.1591796875 257.1349868498985 277
70 11.6 972.0624705347522 452.60100440059904 1865.52099609375 3.1591796875 298.20997976928385 363
80 12 3528.2203165690094 1121.417146582798 5569.615966796875 3.1591796875 461.3976393283535 479
90 17.4 4742.5450158831745 3142.523919912838 8034.56396484375 1.15283203125 1075.7861556369992 599
100 22.5 4071.163604600692 4194.521523556691 9830.258056640625 1.10302734375 1901.1626649291525 773
110 41.1 2548.8261677168894 4529.543227321927 11567.825927734375 1.10302734375 2390.3913336927762 998
120 48.3 2165.1323676889238 4065.5985164821764 11567.825927734375 1.10302734375 2436.606178819753 1409
130 63.9 1610.2975359754028 3782.672582108148 11567.825927734375 1.094970703125 2367.3028750268404 1892
140 91.1 1241.953160106941 3457.843106667118 11723.94482421875 1.094970703125 2176.182206653127 2531
150 107.5 957.1319138353928 2939.067576617483 11723.94482421875 1.08203125 1928.9182143801534 3442
160 131.3 792.8641938487714 2772.7759671353638 11723.94482421875 1.068115234375 1697.6429712795075 4517
170 128.2 1118.0990649147454 2938.164214255017 11723.94482421875 0.99609375 1493.8737543384173 5830
180 116.3 1826.038298589652 3974.417407042751 13638.97607421875 0.99609375 1426.1370906937113 7112
190 128.8 1931.2524349615442 4161.819395347431 16932.85498046875 0.99609375 1482.3407287339505 8275
200 119.4 2230.208679710403 4785.45154505841 24330.52587890625 0.99609375 1542.802746680321 9563
210 118.4 2465.3649393030123 5285.94555544478 39570.22998046875 0.99609375 1619.1030798622417 10757
220 130.6 2662.8144234019064 6743.126567335925 45573.64697265625 0.99609375 1703.0134761086088 11941
230 121.5 2321.18740917567 5641.868154871066 45573.64697265625 0.99609375 1797.6386770722268 13247
240 119.2 2464.0087718579607 5745.767064686935 48163.531982421875 0.9150390625 1841.6237212919532 14462
250 126.4 3090.9703687836845 9174.809882779145 71661.8330078125 0.9150390625 1889.0162714564274 15654
260 118.3 3018.169157258758 8158.528742150715 73735.9208984375 0.9150390625 1978.8182562667864 16918
270 120.3 4068.7502764085825 12214.7974008709 82042.21899414063 0.9150390625 2046.7455595027127 18101
280 129.4 4560.039469275254 12068.229479823023 104736.4619140625 0.9150390625 2172.754245497209 19304
290 123.7 4171.382416190888 11253.35972506794 107693.53515625 0.9150390625 2322.727402093422 20598
300 134 5972.964421969731 15495.637974846082 119701.35083007813 0.9150390625 2427.457709051909 21835
310 133 7497.753768760283 17491.351887472698 119701.35083007813 0.9150390625 2632.462196443921 23175
320 138.4 9193.916965374357 20485.1119905098 119735.1171875 0.9150390625 2896.524134463948 24505
330 147.2 14907.171585083022 25362.804596986443 119760.037109375 0.9150390625 3233.176445406047 25889
340 135.8 14375.922115005695 25843.22052740033 135754.326171875 0.9150390625 3861.2280826124547 27361
350 123.6 9470.03919977972 22188.844926114878 135754.326171875 0.9150390625 4358.423475766465 28719
360 154.5 17025.137520542547 30170.922446635916 167860.205078125 0.9150390625 4569.3384160061705 29955
370 143.1 15164.014995113776 28771.907182759645 167860.205078125 0.9150390625 5180.265705419145 31500
380 132.1 13193.959849863646 27757.592865476916 167860.205078125 0.9150390625 5614.104496635719 32931
390 122.1 4189.817062490403 12185.710208601342 167860.205078125 0.9150390625 5906.437467604249 34252
400 125.3 4742.74613057568 12699.933127438408 167860.205078125 0.9150390625 5847.350457352959 35473
410 128 5471.825051879887 13051.13156029026 167860.205078125 0.9150390625 5809.664098330688 36726
420 127.2 5534.058270148505 15836.791398393767 167860.205078125 0.9150390625 5798.2860532994555 38006
430 126.3 4730.259151310736 11763.074580504766 167860.205078125 0.9150390625 5789.729157832069 39278
440 128.7 4616.428337802602 9432.146619146288 167860.205078125 0.9150390625 5756.722803320921 40541
450 131.2 5545.404819953738 13200.25383605653 167860.205078125 0.9150390625 5721.637239174367 41828
460 124.2 6776.3050218665085 18812.859591072793 167860.205078125 0.9150390625 5716.2775513204615 43140
470 131.3 7647.275675486713 17117.34547799836 167860.205078125 0.9150390625 5745.941697109704 44382
480 129.3 9829.410525576415 21209.489919244992 167860.205078125 0.9150390625 5800.574622235189 45695
490 128.8 5630.7734517162735 15786.33247107088 167860.205078125 0.9150390625 5911.4387752746925 46988
500 131.2 7429.890426077488 19691.017880469553 167860.205078125 0.9150390625 5903.950645836809 48276
510 117 4725.482196723077 14221.341993642674 167860.205078125 0.9150390625 5944.323981959979 49588
520 128.6 6248.843733863175 17571.087299174706 167860.205078125 0.9150390625 5916.229004050543 50758
530 122.4 4409.3742059445885 12839.304717009365 167860.205078125 0.9150390625 5924.4478677531615 52044
540 126.1 6472.236834992692 18787.967396815213 167860.205078125 0.9150390625 5889.634280570355 53268
550 123.8 4765.628727778867 14496.69977171244 167860.205078125 0.9150390625 5903.107144938427 54529
560 131.2 6117.985884317533 15402.257531853342 167860.205078125 0.9150390625 5877.855682954753 55767
570 133.2 10210.6638881924 29250.200032553366 169967.60791015625 0.9150390625 5883.375240483581 57079
580 131.9 6489.461033564431 16849.862389516897 169967.60791015625 0.9150390625 5982.054401579062 58411
590 126.2 7819.388647306175 20987.131575561347 169967.60791015625 0.9150390625 5993.259312806062 59730
600 135.1 11668.521855374796 27096.222807636812 169967.60791015625 0.9150390625 6031.0441898413965 60992
610 128.2 9048.821090436379 21076.75573460932 169967.60791015625 0.9150390625 6153.210789558055 62343
620 131.6 8714.567109731212 20727.251200477953 169967.60791015625 0.9150390625 6211.555346033119 63625
630 129.1 8502.899073097698 20477.491993272433 169967.60791015625 0.9150390625 6262.277747613426 64941
640 132.1 8923.208107058157 21755.68351140781 169967.60791015625 0.9150390625 6305.952136597606 66232
650 120 7913.858774414062 20658.70775946186 169967.60791015625 0.9150390625 6357.132619136922 67553
660 125.9 11441.08360914697 25855.871911267393 169967.60791015625 0.9150390625 6384.303380941244 68753
670 118 6413.4158149331315 18207.367583775238 169967.60791015625 0.9150390625 6475.237596608715 70012
680 115.8 5867.9468431225705 18315.187540433773 169967.60791015625 0.9150390625 6474.212907003462 71192
690 122.2 5187.430804513282 16717.692067605978 169967.60791015625 0.9150390625 6464.509298130289 72350
700 111.4 4725.745878976381 14478.869762367325 169967.60791015625 0.9150390625 6443.297561067276 73572
710 118.4 3618.5626936216613 11142.424911953936 169967.60791015625 0.9150390625 6417.678936775585 74686
720 123.9 3828.4069853775727 11149.243877232222 169967.60791015625 0.9150390625 6373.996932928289 75870
730 124.1 4211.502552754834 14190.113600339904 169967.60791015625 0.9150390625 6333.093978084946 77109
740 133.4 7371.779687975826 25475.350179746714 169967.60791015625 0.9150390625 6299.489702924325 78350
750 128.9 7263.979823832365 25023.829316055286 169967.60791015625 0.9150390625 6317.441046231121 79684
760 127.5 7274.784038564641 20379.3948611772 169967.60791015625 0.9150390625 6332.508889639763 80973
770 123 5613.68612804878 16299.501674841591 169967.60791015625 0.9150390625 6347.115941663876 82248
780 119 6122.235680434286 17428.07462009131 169967.60791015625 0.9150390625 6336.309277983067 83478
790 111.7 5066.967842067905 14944.214498588673 169967.60791015625 0.9150390625 6333.300495667634 84668
800 124.3 10975.777595550722 24652.338514325882 169967.60791015625 0.9150390625 6316.811673914754 85785
810 122.6 9682.370620403937 23869.03316385989 169967.60791015625 0.9150390625 6383.354564025907 87028
820 121.4 10390.39733323627 25196.659332247993 169967.60791015625 0.9150390625 6429.183576706573 88254
830 120 5323.718295288087 15997.036099244198 169967.60791015625 0.9150390625 6482.933671717382 89468
840 114.2 7471.239168237262 21491.97104101737 169967.60791015625 0.9150390625 6467.591340887153 90668
850 114.1 9390.72277778538 23738.361580760604 169967.60791015625 0.9150390625 6480.0754473987945 91810
860 115.6 8360.650348174953 23386.031026480687 169967.60791015625 0.9150390625 6515.804472411663 92951
870 116.4 6539.391259891472 18022.09701297134 169967.60791015625 0.9150390625 6538.466355506251 94107
880 105.1 4917.71062901404 15316.382839109676 169967.60791015625 0.9150390625 6538.477655783401 95271
890 81.2 1616.845627657886 6151.979056233781 169967.60791015625 0.9150390625 6520.792950885926 96322
900 71.2 2711.2454189343393 14392.129907791194 169967.60791015625 0.9150390625 6479.797982837033 97134
910 65.4 6479.378143217226 28165.85599263748 169967.60791015625 0.9150390625 6452.375201880236 97846
920 44.1 2328.9062012825984 4328.850019192481 169967.60791015625 0.9150390625 6452.554490445053 98500
930 30.9 3476.891990291263 4884.255320411621 169967.60791015625 0.9150390625 6434.174558005309 98941
940 25.8 4010.9483841297233 5213.7758518999 169967.60791015625 0.9150390625 6424.967501950663 99250
950 19.2 5576.982570648193 5411.610040324633 169967.60791015625 0.9150390625 6418.708538526638 99508
960 16.2 6761.6830617645655 4925.66834707962 169967.60791015625 0.9150390625 6417.087561737946 99700
970 10.6 9941.894330870435 1730.3422377906945 169967.60791015625 0.9150390625 6417.646577890279 99862
980 10.7 9687.607476635512 425.0937958027254 169967.60791015625 0.9150390625 6421.383476315935 99968
990 10.5 6647.662644159228 2122.460969080689 169967.60791015625 0.9150390625 6424.875716815901 100075
1000 9.9 2440.949248342803 1176.327593299069 169967.60791015625 0.9150390625 6425.109222778879 100180
1010 4.8 177.11005655924478 85.18050827549988 169967.60791015625 0.9150390625 6421.175878434907 100279
1020 2.6 172.34642615685092 94.54205687522168 169967.60791015625 0.9150390625 6418.188495582334 100327
1030 1.3 172.23704176682693 80.73763477092791 169967.60791015625 0.9150390625 6416.570288913823 100353
1040 0.5 130.49384765625 14.267614896775212 169967.60791015625 0.9150390625 6415.76148581105 100366
1050 0.6 165.00834147135416 38.80605243320276 169967.60791015625 0.9150390625 6415.448384036726 100371
1060 0.3 47.468994140625 60.30972998785551 169967.60791015625 0.9150390625 6415.074766173516 100377
1070 0 0 0 169967.60791015625 0.9150390625 6414.884461159409 100380
1080 0 0 0 169967.60791015625 0.9150390625 6414.884461159409 100380
1085 0 0 0 169967.60791015625 0.9150390625 6414.884461159409 100380
