40 0.1 10581.260009765625 0 10581.260009765625 10581.260009765625 0 0
50 0.4 31578.140258789063 2293.5127166292386 33178.739013671875 10581.260009765625 10581.260009765625 1
60 0.2 43695.34912109375 895.781982421875 44591.131103515625 10581.260009765625 27378.764208984376 5
70 0.4 43035.011169433594 7140.813597012297 51113.741943359375 10581.260009765625 32040.645612444197 7
80 0.3 67754.65494791667 8300.57866975666 77363.9599609375 10581.260009765625 36038.596724076706 11
90 0.4 56407.03875732422 6230.115009902429 77363.9599609375 10581.260009765625 42834.89491489955 14
100 0.5 75068.62221679688 19176.444119916214 93388.85986328125 10581.260009765625 45850.92687988281 18
110 0.7 57466.630615234375 23548.87829405777 93754.89501953125 10581.260009765625 52202.59977921196 23
120 1 54415.72512207031 17498.99073735595 93754.89501953125 10581.260009765625 53430.87364095052 30
130 2.1 65770.86782691593 18533.49685757601 105948.96899414063 10581.260009765625 53677.08651123047 40
140 2.6 57898.500619741586 31878.36181366214 123414.85009765625 6664.526123046875 57840.519423187754 61
150 4.5 61976.82955729167 25413.97995360334 123414.85009765625 6664.526123046875 57857.8471371004 87
160 4.9 61135.58958466199 30551.76416580903 155143.82202148438 6664.526123046875 59262.04568943833 132
170 6.9 57328.163439764496 29336.563042947113 155143.82202148438 6664.526123046875 59769.24818041048 181
180 9 58477.06735297309 27206.023311474783 155143.82202148438 6664.526123046875 59095.508791992186 250
190 11.3 64504.07756542104 28723.780443608026 155143.82202148438 6664.526123046875 58931.803705193015 340
200 9.5 63180.02717156661 26733.916267791206 161047.9208984375 6664.526123046875 60321.79696392539 453
210 12.8 65393.74363517764 22614.328100406216 161047.9208984375 6664.526123046875 60817.293076563925 548
220 12.8 72821.52936363219 25350.74376944651 161047.9208984375 6664.526123046875 61683.83992789906 676
230 11.5 72937.61846976903 26169.47566448804 179928.09594726563 6664.526123046875 63457.00441517996 804
240 11.9 77926.64035213692 27093.287660987527 179928.09594726563 6664.526123046875 64643.37070057468 919
250 12.6 79196.88250635544 25345.48787697796 179928.09594726563 6664.526123046875 66166.21182633181 1038
260 13 81667.2132474459 28524.203885706254 179928.09594726563 6664.526123046875 67576.74834324159 1164
270 11.3 83897.5594104328 28472.027500327607 179928.09594726563 6664.526123046875 68992.32827952178 1294
280 11.8 88030.34506587662 29553.919701595925 189382.9228515625 6664.526123046875 70189.40796523106 1407
290 11.1 92406.0453859621 31733.033011607517 195238.22094726563 6664.526123046875 71569.88703269085 1525
300 12.3 89357.19527677212 34366.088912001964 195238.22094726563 6664.526123046875 72983.58726326122 1636
310 11.6 88864.4576184503 31683.220204643832 195238.22094726563 6664.526123046875 74128.52972242088 1759
320 11.6 89252.79303188981 31539.248741117957 195238.22094726563 6664.526123046875 75040.19246158858 1875
330 13 89754.69578763518 32474.746489485915 195238.22094726563 6664.526123046875 75868.24955157096 1991
340 10 92159.76087646485 33934.904120459796 195238.22094726563 6664.526123046875 76719.37544062723 2121
350 11.6 96609.07750412513 33046.28140299346 195238.22094726563 6664.526123046875 77414.57514507738 2221
360 12.7 101080.55084276575 32857.8992386098 197941.90307617188 6664.526123046875 78367.31895066127 2337
370 12 108998.59743041992 35500.70249198496 218272.8779296875 6664.526123046875 79538.00906847672 2464
380 12.5 114263.96702539062 31201.729007212623 218272.8779296875 6664.526123046875 80906.14784689514 2584
390 12.1 131127.4631670487 39006.35415398455 223534.51904296875 6664.526123046875 82445.36061814355 2709
400 11.5 138961.924386464 38931.802989268326 238497.7861328125 6664.526123046875 84526.82153984586 2830
410 12.4 145330.54660329522 36293.16606570036 241078.9599609375 6664.526123046875 86652.47071721804 2945
420 11.7 163627.0138116821 39071.17402650435 247153.90307617188 6664.526123046875 89023.30206615046 3069
430 12.1 172418.15358059472 36442.141965430594 276220.6101074219 6664.526123046875 91762.98639578863 3186
440 13.9 179267.19250576108 38358.12446869483 285298.9489746094 6664.526123046875 94714.08262480632 3307
450 14.1 194383.68682991187 31748.22461797024 285298.9489746094 6664.526123046875 98124.66947142637 3446
460 11.8 202974.8902587891 33304.911015453035 285298.9489746094 6664.526123046875 101908.47807124417 3587
470 18 206533.18304985898 25752.749752757518 294867.9658203125 6664.526123046875 105127.32736628609 3705
480 23 206221.17151197352 25831.18340749228 299759.95703125 6664.526123046875 109825.6681701582 3885
490 30.2 218819.2938814478 40302.15558307042 317412.4030761719 6664.526123046875 115213.50918318797 4115
500 20.4 233586.57782939836 38206.89114224618 326266.5419921875 6664.526123046875 122297.26444215888 4417
510 18.8 255589.97725985912 44189.52512407902 400331.6579589844 6664.526123046875 127210.27459818503 4621
520 22.2 265141.6785085867 38868.471946267375 400331.6579589844 6664.526123046875 132229.06937888678 4809
530 19.2 268651.77963383985 37131.45859582841 400331.6579589844 6664.526123046875 138094.02649015558 5031
540 22.7 280535.7274895895 31933.734920473613 400331.6579589844 6664.526123046875 142893.3924873961 5223
550 18.6 288897.4893772575 34646.94371703176 406175.4069824219 6664.526123046875 148626.38515629483 5450
560 16.2 298168.7657952955 35251.25123485511 406175.4069824219 6664.526123046875 153255.6302565608 5636
570 17.2 305965.4758967911 33801.06039622653 406175.4069824219 6664.526123046875 157304.6002388435 5798
580 17.7 316850.0912492829 31802.53963275979 410871.1220703125 6664.526123046875 161587.62714222155 5970
590 16.5 329404.13571407436 32845.506487449136 414224.93896484375 6664.526123046875 166058.3374312975 6147
600 26.4 325361.94204249536 25013.66989819236 429523.5009765625 6664.526123046875 170328.30839401268 6312
610 34 330734.4358211744 30582.765358173634 509511.9689941406 6664.526123046875 176552.28638719994 6576
620 34.3 346747.0661927161 42201.63445404917 509511.9689941406 6664.526123046875 184132.0913044283 6916
630 23.5 383746.02435588435 44397.75428991058 514487.123046875 6664.526123046875 191815.92329047082 7259
640 28.4 396469.5763885068 42573.47400651757 514487.123046875 6664.526123046875 197834.5480236403 7494
650 29.2 404150.3150016055 37495.56130786113 514487.123046875 6664.526123046875 205087.35697910728 7778
660 29.3 413371.6538127599 35724.128239449885 514487.123046875 6664.526123046875 212290.13067707125 8070
670 39.2 423447.3069134149 29432.253327019072 514487.123046875 6664.526123046875 219335.07702153578 8363
680 41.8 428310.6326034035 26548.19677510546 514487.123046875 6664.526123046875 228474.08263177183 8755
690 43.7 433504.60901633115 22287.121514636867 514487.123046875 6664.526123046875 237580.33771605633 9173
700 58.1 441471.2275709983 19046.07849584713 579274.2060546875 6664.526123046875 246489.69323720306 9610
710 54.4 443388.3829408535 17700.05371649759 579274.2060546875 6664.526123046875 257605.802691421 10191
720 53.8 446596.9576057519 17523.197393638387 579274.2060546875 6664.526123046875 267020.40200727485 10735
730 71.5 448408.4195134941 18644.48861057222 579274.2060546875 6664.526123046875 275590.630598775 11273
740 87.6 454782.1309984461 29231.745619299898 579274.2060546875 6664.526123046875 285897.9978889005 11988
750 41 477491.13824135385 41592.70133802471 579274.2060546875 6664.526123046875 297398.50322191993 12864
760 34.6 511232.69844116917 44451.62436802028 619890.7219238281 6664.526123046875 302961.1053281402 13274
770 39.9 528641.9768078653 40458.33262256869 649246.4130859375 6664.526123046875 308251.9989564154 13620
780 41.3 534170.585596413 38028.5779525425 649246.4130859375 6664.526123046875 314524.6005087892 14019
790 49.5 541267.8005341506 33780.869487534415 649246.4130859375 6664.526123046875 320810.20138470305 14432
800 63.1 553067.4028030128 28161.653680955464 649246.4130859375 6664.526123046875 328120.88079643855 14927
810 62.9 555264.4726554742 25064.850865701297 657395.2231445313 6664.526123046875 337244.24211448384 15558
820 78 562493.5594407307 18084.544046384064 657395.2231445313 6664.526123046875 345716.1470388233 16187
830 111.8 567121.3437978242 12912.941470827716 666607.3928222656 6664.526123046875 355681.74977787485 16967
840 123.6 569635.8398532317 11542.823888749623 709938.8889160156 6664.526123046875 368752.7736161001 18085
850 171.3 570847.304956438 11411.18038527297 716766.7180175781 6664.526123046875 381603.633813248 19321
860 205.4 571639.3859292753 12051.136273096488 716766.7180175781 6664.526123046875 397015.5577777 21034
870 139.9 574800.4894722871 15776.596895279752 716766.7180175781 6664.526123046875 412550.78573262616 23088
880 43.6 591511.2550138423 24449.095730305857 716766.7180175781 6664.526123046875 421820.49355848425 24487
890 23.9 610766.3242156855 22294.379341188174 716766.7180175781 6664.526123046875 424789.04357230826 24923
900 25.7 621189.7656202504 21949.329565128708 723636.953125 6664.526123046875 426555.53948176565 25162
910 18.6 628963.643962901 21911.85522480978 723636.953125 6664.526123046875 428523.3980174118 25419
920 12.4 636774.2676332535 19562.106009652856 738493.2399902344 6664.526123046875 429979.4372966878 25605
930 9.2 647482.0211314325 18639.9900544143 738493.2399902344 6664.526123046875 430976.07762323506 25729
940 7.2 656297.9225294325 17111.342798179514 738493.2399902344 6664.526123046875 431747.4864301269 25821
950 4.4 664140.9737493341 16161.311100980554 738493.2399902344 6664.526123046875 432371.8880598782 25893
960 5.1 671627.2867838539 16943.882072360786 766330.9619140625 6664.526123046875 432765.065365285 25937
970 4.2 683602.3062802268 14676.1709097964 766330.9619140625 6664.526123046875 433233.8191475055 25988
980 3.5 697216.6825055804 16349.035431429123 766330.9619140625 6664.526123046875 433637.79442447727 26030
990 4.1 704725.4091201411 17667.902527580114 766622.9970703125 6664.526123046875 433991.72732617834 26065
1000 3.8 715355.3635896381 20184.33420844195 803783.9111328125 6664.526123046875 434416.9200387177 26106
1010 2 728804.3440063477 27096.704832637733 827216.8969726563 6664.526123046875 434825.2607996928 26144
1020 1.4 728542.7322126116 6697.134433777348 827216.8969726563 6664.526123046875 435049.9810895619 26164
1030 1.4 742379.4294956753 13213.483506471128 827216.8969726563 6664.526123046875 435206.9410756465 26178
1040 1.3 753025.8795259916 15703.07804575777 827216.8969726563 6664.526123046875 435371.1291803304 26192
1050 0.6 754569.8163248698 6392.72635136553 827216.8969726563 6664.526123046875 435528.71405934176 26205
1060 0.3 775879.7620442709 17841.55854205487 827216.8969726563 6664.526123046875 435601.7462448209 26211
1070 0 0 0 827216.8969726563 6664.526123046875 435640.68856752623 26214
1080 0 0 0 827216.8969726563 6664.526123046875 435640.68856752623 26214
1085 0 0 0 827216.8969726563 6664.526123046875 435640.68856752623 26214
