10 381.40078125 381.40078125
20 1181.771875 1563.17265625
30 1342.42265625 2905.5953125
40 1617.15859375 4522.75390625
50 2367.8640625 6890.61796875
60 2261.103125 9151.72109375
70 2351.49140625 11503.2125
80 2410.134375 13913.346875
90 2494.7171875 16408.0640625
100 2751.51484375 19159.57890625
110 2495.5359375 21655.11484375
120 2764.75390625 24419.86875
130 2929.771875 27349.640625
140 3282.35390625 30631.99453125
150 2995.5734375 33627.56796875
160 2922.1140625 36549.68203125
170 2934.58203125 39484.2640625
180 2814.75390625 42299.01796875
190 2970.0359375 45269.05390625
200 3071.2640625 48340.31796875
210 3146.34921875 51486.6671875
220 2875.5015625 54362.16875
230 2902.38125 57264.55
240 2844.19375 60108.74375
250 3115.1828125 63223.9265625
260 3122.76875 66346.6953125
270 3067.9109375 69414.60625
280 3169.31875 72583.925
290 2989.51796875 75573.44296875
300 3015.12265625 78588.565625
310 2980.39140625 81568.95703125
320 3018.87265625 84587.8296875
330 3119.99453125 87707.82421875
340 2969.88203125 90677.70625
350 2921.68203125 93599.38828125
360 3097.796875 96697.18515625
370 3061.28984375 99758.475
380 3290.15234375 103048.62734375
390 3005.98984375 106054.6171875
400 2891.35078125 108945.96796875
410 2630.13984375 111576.1078125
420 3008.646875 114584.7546875
430 2936.68828125 117521.44296875
440 2793.53125 120314.97421875
450 2921.88671875 123236.8609375
460 2772.80078125 126009.66171875
470 2782.03046875 128791.6921875
480 2860.18515625 131651.87734375
490 3145.89765625 134797.775
500 3159.85234375 137957.62734375
510 2731.78046875 140689.4078125
520 2589.4890625 143278.896875
530 3307.971875 146586.86875
540 3098.47734375 149685.34609375
550 2888.1234375 152573.46953125
560 3090.04375 155663.51328125
570 3026.3703125 158689.88359375
580 2931.0859375 161620.96953125
590 3066.4703125 164687.43984375
600 2928.3015625 167615.74140625
610 3030.21640625 170645.9578125
620 2862.48359375 173508.44140625
630 2769.01640625 176277.4578125
640 3091.12890625 179368.58671875
650 3080.8546875 182449.44140625
660 3051.87265625 185501.3140625
670 2537.39609375 188038.71015625
680 2819.23984375 190857.95
690 3153.04609375 194010.99609375
700 2702.0046875 196713.00078125
710 3188.53046875 199901.53125
720 3014.8734375 202916.4046875
730 3043.28671875 205959.69140625
740 2972.3953125 208932.08671875
750 3024.553125 211956.63984375
760 3178.05859375 215134.6984375
770 3029.75390625 218164.45234375
780 2922.575 221087.02734375
790 3070.60390625 224157.63125
800 2946.31484375 227103.94609375
810 3044.46328125 230148.409375
820 3069.95625 233218.365625
830 3162.7234375 236381.0890625
840 2787.4984375 239168.5875
850 2867.8890625 242036.4765625
860 3079.3859375 245115.8625
870 2956.9765625 248072.8390625
880 2870.2921875 250943.13125
890 2491.13046875 253434.26171875
900 2766.05 256200.31171875
910 2520.703125 258721.01484375
920 2741.1265625 261462.14140625
930 2250.72578125 263712.8671875
940 2491.9640625 266204.83125
950 2414.3265625 268619.1578125
960 2237.32578125 270856.48359375
970 2190.4671875 273046.95078125
980 1909.4625 274956.41328125
990 1945.6328125 276902.04609375
1000 1809.021875 278711.06796875
1010 993.30703125 279704.375
1020 496.6125 280200.9875
1030 266.99375 280467.98125
1040 103.49921875 280571.48046875
1050 123.51875 280694.99921875
1060 22.94375 280717.94296875
1070 0 280717.94296875
1080 0 280717.94296875
1085 0 280717.94296875
