10 7.9140625 7.9140625
20 18.34609375 26.26015625
30 22.746875 49.00703125
40 23.42734375 72.434375
50 43.3703125 115.8046875
60 37.66953125 153.47421875
70 55.8265625 209.30078125
80 72.4828125 281.78359375
90 71.64609375 353.4296875
100 85.66875 439.0984375
110 129.146875 568.2453125
120 141.20234375 709.44765625
130 189.48359375 898.93125
140 228.30390625 1127.23515625
150 275.53671875 1402.771875
160 314.396875 1717.16875
170 336.2359375 2053.4046875
180 291.36796875 2344.77265625
190 314.6921875 2659.46484375
200 279.20390625 2938.66875
210 279.45 3218.11875
220 305.3625 3523.48125
230 276.46640625 3799.94765625
240 269.01015625 4068.9578125
250 283.73515625 4352.69296875
260 277.7484375 4630.44140625
270 272.19140625 4902.6328125
280 292.415625 5195.0484375
290 298.7859375 5493.834375
300 296.0296875 5789.8640625
310 300.5875 6090.4515625
320 342.92109375 6433.37265625
330 295.42109375 6728.79375
340 267.18515625 6995.97890625
350 299.89453125 7295.8734375
360 341.6796875 7637.553125
370 292.1953125 7929.7484375
380 272.3765625 8202.125
390 275.5953125 8477.7203125
400 282.21015625 8759.93046875
410 274.9421875 9034.87265625
420 278.746875 9313.61953125
430 293.390625 9607.01015625
440 261.12421875 9868.134375
450 284.6234375 10152.7578125
460 284.02890625 10436.78671875
470 280.42890625 10717.215625
480 260.65703125 10977.87265625
490 305.96328125 11283.8359375
500 274.70078125 11558.53671875
510 254.77421875 11813.3109375
520 274.97421875 12088.28515625
530 264.4765625 12352.76171875
540 279.09921875 12631.8609375
550 285.365625 12917.2265625
560 277.10078125 13194.32734375
570 280.58359375 13474.9109375
580 301.42578125 13776.33671875
590 268.8703125 14045.20703125
600 281.70390625 14326.9109375
610 281.309375 14608.2203125
620 280.515625 14888.7359375
630 278.06328125 15166.79921875
640 287.30234375 15454.1015625
650 245.55078125 15699.65234375
660 253.7921875 15953.44453125
670 256.34296875 16209.7875
680 249.11328125 16458.90078125
690 262.7609375 16721.66171875
700 250.24453125 16971.90625
710 273.57578125 17245.48203125
720 276.81953125 17522.3015625
730 281.66171875 17803.96328125
740 286.25234375 18090.215625
750 267.73203125 18357.94765625
760 265.2890625 18623.23671875
770 274.6828125 18897.91953125
780 260.4265625 19158.34609375
790 257.3921875 19415.73828125
800 272.275 19688.01328125
810 254.2015625 19942.21484375
820 245.3546875 20187.56953125
830 265.19453125 20452.7640625
840 249.00625 20701.7703125
850 237.6484375 20939.41875
860 244.9484375 21184.3671875
870 242.790625 21427.1578125
880 230.73828125 21657.89609375
890 186.559375 21844.45546875
900 178.04296875 22022.4984375
910 161.33828125 22183.83671875
920 121.21640625 22305.053125
930 93.40234375 22398.45546875
940 79.5421875 22477.99765625
950 66.9390625 22544.93671875
960 58.04609375 22602.9828125
970 39.3625 22642.3453125
980 27.6984375 22670.04375
990 31.4671875 22701.5109375
1000 26.45390625 22727.96484375
1010 18.47421875 22746.4390625
1020 10.60078125 22757.03984375
1030 4.7734375 22761.81328125
1040 1.9796875 22763.79296875
1050 2.38828125 22766.18125
1060 1.2984375 22767.4796875
1070 0 22767.4796875
1080 0 22767.4796875
1085 0 22767.4796875
