0 0 0
10 0.9 9
20 0.9 18
30 1 28
40 1.1 39
50 2.2 61
60 1.3 74
70 4.2 116
80 4 156
90 5.1 207
100 4.2 249
110 8.4 333
120 8.1 414
130 10.4 518
140 17.6 694
150 14 834
160 23.3 1067
170 31.8 1385
180 32.6 1711
190 46.1 2172
200 65 2822
210 63.7 3459
220 85.8 4317
230 127.8 5595
240 124.4 6839
250 172.4 8563
260 240.4 10967
270 244.6 13413
280 344.1 16854
290 482.3 21677
300 376.2 25439
310 77.5 26214
320 0 26214
330 0 26214
340 0 26214
350 0 26214
360 0 26214
370 0 26214
380 0 26214
390 0 26214
400 0 26214
410 0 26214
420 0 26214
430 0 26214
440 0 26214
450 0 26214
460 0 26214
470 0 26214
480 0 26214
490 0 26214
500 0 26214
510 0 26214
520 0 26214
530 0 26214
540 0 26214
550 0 26214
560 0 26214
570 0 26214
580 0 26214
590 0 26214
600 0 26214
610 0 26214
620 0 26214
630 0 26214
640 0 26214
650 0 26214
660 0 26214
670 0 26214
680 0 26214
690 0 26214
700 0 26214
710 0 26214
720 0 26214
730 0 26214
740 0 26214
750 0 26214
760 0 26214
770 0 26214
780 0 26214
790 0 26214
800 0 26214
810 0 26214
820 0 26214
830 0 26214
840 0 26214
850 0 26214
860 0 26214
870 0 26214
880 0 26214
890 0 26214
900 0 26214
910 0 26214
920 0 26214
930 0 26214
940 0 26214
950 0 26214
960 0 26214
970 0 26214
980 0 26214
990 0 26214
1000 0 26214
1010 0 26214
1020 0 26214
1030 0 26214
1040 0 26214
1050 0 26214
1060 0 26214
1070 0 26214
1080 0 26214
1085 0 26214
