0 0 0
10 9 9
20 18 18
30 28 28
40 38 38
50 56 56
60 67 67
70 105 105
80 142 142
90 189 190
100 226 226
110 303 303
120 374 374
130 457 457
140 607 607
150 702 702
160 886 886
170 1135 1136
180 1371 1371
190 1719 1719
200 2274 2274
210 2783 2783
220 3513 3514
230 4676 4676
240 5801 5801
250 7399 7399
260 9673 9673
270 12006 12006
280 15329 15329
290 20041 20041
300 23680 23680
310 24339 24399
320 24223 24399
330 24093 24399
340 23993 24399
350 23877 24399
360 23750 24399
370 23630 24399
380 23505 24399
390 23384 24399
400 23269 24399
410 23145 24399
420 23028 24399
430 22907 24399
440 22768 24399
450 22627 24399
460 22509 24399
470 22329 24399
480 22099 24399
490 21797 24399
500 21593 24399
510 21405 24399
520 21183 24399
530 20991 24399
540 20764 24399
550 20578 24399
560 20416 24399
570 20244 24399
580 20067 24399
590 19902 24399
600 19638 24399
610 19298 24399
620 18955 24399
630 18720 24399
640 18436 24399
650 18144 24399
660 17851 24399
670 17459 24399
680 17041 24399
690 16604 24399
700 16023 24399
710 15479 24399
720 14941 24399
730 14226 24399
740 13350 24399
750 12940 24399
760 12594 24399
770 12195 24399
780 11782 24399
790 11287 24399
800 10656 24399
810 10027 24399
820 9247 24399
830 8129 24399
840 6893 24399
850 5180 24399
860 3126 24399
870 1727 24399
880 1291 24399
890 1052 24399
900 795 24399
910 609 24399
920 485 24399
930 393 24399
940 321 24399
950 277 24399
960 226 24399
970 184 24399
980 149 24399
990 108 24399
1000 70 24399
1010 50 24399
1020 36 24399
1030 22 24399
1040 9 24399
1050 3 24399
1060 0 24399
1070 0 24399
1080 0 24399
1085 0 24399
