10 1.8 18
20 4.4 62
30 4.5 107
40 5.1 158
50 5.9 217
60 6.6 283
70 7.2 355
80 6.8 423
90 7.8 501
100 7.4 575
110 6.7 642
120 7.6 718
130 6.5 783
140 6.6 849
150 6.9 918
160 6.9 987
170 6.5 1052
180 6.5 1117
190 6.2 1179
200 6.5 1244
210 6 1304
220 5.5 1359
230 5.4 1413
240 5 1463
250 6.2 1525
260 5.2 1577
270 4.9 1626
280 5.5 1681
290 5.6 1737
300 5.5 1792
310 5.2 1844
320 5.6 1900
330 5.6 1956
340 5.4 2010
350 5.8 2068
360 5 2118
370 5.5 2173
380 5.6 2229
390 5.7 2286
400 4.8 2334
410 5.6 2390
420 5.7 2447
430 6.2 2509
440 6.2 2571
450 6.1 2632
460 6.1 2693
470 6.4 2757
480 6.1 2818
490 6.2 2880
500 6.6 2946
510 6.3 3009
520 6.8 3077
530 6.1 3138
540 6.8 3206
550 6.7 3273
560 6.5 3338
570 6.6 3404
580 6.5 3469
590 6.7 3536
600 3.8 3574
610 1.4 3588
620 0.8 3596
630 0.4 3600
640 0.3 3603
650 0.1 3604
660 0 3604
670 0 3604
680 0 3604
690 0 3604
700 0 3604
710 0 3604
720 0 3604
723 0 3604
