10 0.6 6
20 0.2 8
30 0.4 12
40 0.5 17
50 1 27
60 0.8 35
70 1 45
80 2 65
90 1.1 76
100 1.6 92
110 2 112
120 2.5 137
130 1.2 149
140 0.9 158
150 0.4 162
160 0.8 170
170 0.9 179
180 0.7 186
190 1.1 197
200 0.6 203
210 0.5 208
220 0.7 215
230 0.6 221
240 0.7 228
250 0.6 234
260 0.1 235
270 0.3 238
280 0.4 242
290 0.7 249
300 0 249
310 0.3 252
320 0 252
330 0 252
340 0.1 253
350 0.2 255
360 0.3 258
370 0.5 263
380 0.1 264
390 0.2 266
400 0.2 268
410 0 268
420 0.1 269
430 0.2 271
440 0.1 272
450 0 272
460 0 272
470 0 272
480 0 272
490 0 272
500 0 272
510 0 272
520 0 272
530 0 272
540 0 272
550 0 272
560 0 272
570 0 272
580 0 272
590 0 272
600 0 272
610 0 272
620 0 272
630 0 272
640 0 272
650 0 272
660 0 272
670 0 272
680 0 272
690 0 272
700 0 272
710 0 272
720 0 272
723 0 272
