30 0.2 2
40 0 2
50 0.4 6
60 0.3 9
70 0.2 11
80 0.6 17
90 0.4 21
100 0.3 24
110 0.2 26
120 0.3 29
130 0.1 30
140 0.3 33
150 0 33
160 0.1 34
170 0.1 35
180 0.2 37
190 0.3 40
200 0.3 43
210 0.3 46
220 0.3 49
230 0.3 52
240 0.3 55
250 0.5 60
260 0.6 66
270 0.1 67
280 0.5 72
290 0.5 77
300 0.7 84
310 0.7 91
320 1.1 102
330 1.1 113
340 1.3 126
350 0.6 132
360 0.7 139
370 0.4 143
380 0 143
390 0.8 151
400 0.4 155
410 0.8 163
420 0.9 172
430 0.6 178
440 0.9 187
450 1 197
460 1 207
470 1.8 225
480 1.6 241
490 0.7 248
500 1.5 263
510 0.9 272
520 0.9 281
530 1 291
540 1 301
550 1.1 312
560 0.5 317
570 0.9 326
580 1.7 343
590 1.3 356
600 0.4 360
610 0.2 362
620 0.2 364
630 0 364
640 0 364
650 0 364
660 0 364
670 0 364
680 0 364
690 0 364
700 0 364
710 0 364
720 0 364
723 0 364
