20 0.4 4
30 0.2 6
40 0.5 11
50 0.4 15
60 0.5 20
70 0.5 25
80 0 25
90 0.4 29
100 0.4 33
110 0.3 36
120 0.4 40
130 0.5 45
140 0.2 47
150 0.1 48
160 0.1 49
170 0.1 50
180 0.2 52
190 0 52
200 0 52
210 0 52
220 0 52
230 0 52
240 0 52
250 0 52
260 0 52
270 0 52
280 0 52
290 0 52
300 0 52
310 0 52
320 0 52
330 0 52
340 0 52
350 0 52
360 0 52
370 0 52
380 0 52
390 0 52
400 0 52
410 0 52
420 0 52
430 0 52
440 0 52
450 0 52
460 0 52
470 0 52
480 0 52
490 0 52
500 0 52
510 0 52
520 0 52
530 0 52
540 0 52
550 0 52
560 0 52
570 0 52
580 0 52
590 0 52
600 0 52
610 0 52
620 0 52
630 0 52
640 0 52
650 0 52
660 0 52
670 0 52
680 0 52
690 0 52
700 0 52
710 0 52
720 0 52
723 0 52
