140 0.1 1
150 0.2 3
160 0.5 8
170 0.2 10
180 0.5 15
190 0.5 20
200 0.3 23
210 0.4 27
220 0.1 28
230 0.6 34
240 0.1 35
250 0.3 38
260 0.1 39
270 0.3 42
280 0.4 46
290 0.7 53
300 0.2 55
310 0.3 58
320 0.3 61
330 0.2 63
340 0.2 65
350 0.3 68
360 0.2 70
370 0.2 72
380 0.3 75
390 0.4 79
400 0.3 82
410 0.2 84
420 0.2 86
430 0.4 90
440 0.3 93
450 0.1 94
460 0 94
470 0.4 98
480 0.1 99
490 0 99
500 0.1 100
510 0 100
520 0 100
530 0 100
540 0 100
550 0.1 101
560 0 101
570 0 101
580 0 101
590 0 101
600 0 101
610 0 101
620 0 101
630 0 101
640 0 101
650 0 101
660 0 101
670 0 101
680 0 101
690 0 101
700 0 101
710 0 101
720 0 101
723 0 101
