250 19 190
260 123.1 1421
270 29.9 1720
280 0 1720
290 0.5 1725
300 0 1725
310 0 1725
320 0 1725
330 0 1725
340 0 1725
350 0.6 1731
360 0 1731
370 0 1731
380 0 1731
390 0 1731
400 0 1731
410 0 1731
420 0 1731
430 0 1731
440 0 1731
450 0 1731
460 0 1731
470 0 1731
480 0 1731
490 0 1731
500 0 1731
510 0 1731
520 0 1731
530 0 1731
540 0 1731
550 0 1731
560 0 1731
570 0 1731
580 0 1731
590 0 1731
600 0 1731
610 0 1731
620 0 1731
630 0 1731
640 0 1731
650 0 1731
660 0 1731
670 0 1731
680 0 1731
690 0 1731
700 0 1731
710 0 1731
720 0 1731
723 0 1731
