110 19.7 197
120 37 567
130 54.7 1114
140 80.2 1916
150 95.2 2868
160 147.3 4341
170 191.2 6253
180 216.3 8416
190 298.1 11397
200 393.1 15328
210 406.1 19389
220 588.9 25278
230 706 32338
240 890.4 41242
250 1133.4 52576
260 1289.2 65468
270 989.2 75360
280 919.1 84551
290 837.5 92926
300 767.3 100599
310 738 107979
320 670.7 114686
330 686 121546
340 726.3 128809
350 765.7 136466
360 776.7 144233
370 720.7 151440
380 514.8 156588
390 567.1 162259
400 905.1 171310
410 631.9 177629
420 463.1 182260
430 375.7 186017
440 307 189087
450 238.5 191472
460 172.4 193196
470 121.1 194407
480 67.1 195078
490 50.3 195581
500 27.1 195852
510 16.2 196014
520 7.7 196091
530 2.1 196112
540 0.4 196116
550 0 196116
560 0 196116
570 0 196116
580 0 196116
590 0 196116
600 0 196116
610 0 196116
620 0 196116
630 0 196116
640 0 196116
650 0 196116
660 0 196116
670 0 196116
680 0 196116
690 0 196116
700 0 196116
710 0 196116
720 0 196116
723 0 196116
