10 1.2 179.8905029296875 349.4719092136299 1049.839111328125 1.791015625 0 0
20 1 3.63994140625 3.3790074236060943 1049.839111328125 1.791015625 179.8905029296875 12
30 0.8 2.2410888671875 0.2588327335001506 1049.839111328125 1.791015625 99.776611328125 22
40 1.3 2.2607421875 0.37393928557244904 1049.839111328125 1.791015625 73.767138671875 30
50 1.3 2.2327035757211537 0.6272704980263343 1049.839111328125 1.699951171875 52.14892578125 43
60 3 2.266357421875 0.6774686616779366 1049.839111328125 1.60009765625 40.561231340680806 56
70 3.3 2.320364287405303 1.5592909831211013 1049.839111328125 1.60009765625 27.202554392260176 86
80 3.6 2.1235351562499996 0.2517962365677109 1049.839111328125 1.60009765625 20.302451253939076 119
90 3.7 2.060863597972973 0.3064915725532019 1049.839111328125 1.593994140625 16.080251386088708 155
100 7.7 1.9718318790584415 0.19570993008311427 1049.839111328125 1.593994140625 13.378598531087237 192
110 8.1 2.0562276957947523 0.28052584152423327 1049.839111328125 1.5849609375 10.11346458236524 269
120 9.5 2.217195209703947 0.6808469664625451 1049.839111328125 1.577880859375 8.248789760044641 350
130 13.4 2.3384335645988807 2.667541464462409 1049.839111328125 1.560791015625 6.96114597963483 445
140 14.7 2.02541885894983 0.3291086843825821 1049.839111328125 1.560791015625 5.89129543798575 579
150 14.9 2.0142699376048654 0.4523029471190979 1049.839111328125 1.560791015625 5.108535304214015 726
160 30.7 1.997481454855455 0.7113161060820333 1049.839111328125 1.560791015625 4.581626116071428 875
170 32.9 2.0079141634213507 0.639022610419981 1049.839111328125 1.411865234375 3.910448103386738 1182
180 32 2.157614898681639 0.7257289023471375 1049.839111328125 1.411865234375 3.496196835187788 1511
190 51.5 2.094166698270632 1.1150834653066113 1049.839111328125 1.39697265625 3.26225569937022 1831
200 64.2 1.9753357123734423 0.345298996102496 1049.839111328125 1.300048828125 3.0058337745764057 2346
210 57.4 2.0894949776785716 1.0578285556746334 1049.839111328125 1.300048828125 2.7844215403279775 2988
220 108.5 2.0914755544354864 0.7231064061267517 1049.839111328125 1.240966796875 2.6724373047971635 3562
230 119.4 2.195764589549311 0.9976395171115607 1049.839111328125 1.201171875 2.5367920499784806 4647
240 130.1 2.6042542395272927 2.434086728805066 1049.839111328125 1.201171875 2.4670802219092414 5841
250 202.7 2.876376196734703 2.4511752357945045 1049.839111328125 1.18310546875 2.492068096023087 7142
260 213.4 3.0477941311064884 2.394060947466695 1049.839111328125 1.18310546875 2.5770274721974182 9169
270 19.5 1290.4508388421473 1756.8276835553932 7017.719970703125 1.18310546875 2.6659079508413144 11303
280 26.8 2038.7348805897273 3496.7793600296636 15039.493896484375 1.18310546875 24.50605941403532 11498
290 30.6 2601.9061734068628 4292.445867619422 15042.3408203125 1.18310546875 70.38514526097441 11766
300 52 2741.0113267164957 6516.753774595833 31084.60693359375 1.18310546875 134.553918837237 12072
310 56.2 12612.985291178971 12354.819417875551 31085.68896484375 1.18310546875 242.19034292373755 12592
320 61.9 25574.33688882018 8642.572563068059 31086.466064453125 1.18310546875 770.7281839545602 13154
330 82 47129.48605034059 18047.24705377501 63171.31884765625 1.18310546875 1885.4768798314076 13773
340 95.9 58068.361002519305 13556.914631310114 63191.580078125 1.18310546875 4427.79768568473 14593
350 100 62049.31304760742 8040.5687437448905 63191.580078125 1.18310546875 7735.494459144373 15552
360 90.1 62354.49163472877 6931.87031009786 63191.580078125 1.18310546875 11016.899642110966 16552
370 52.4 61562.15145291627 9818.446962014921 63191.580078125 1.18310546875 13667.170104802115 17453
380 2.2 4.362981622869318 3.4961701461262855 63191.580078125 1.18310546875 15063.23008290813 17977
390 64.3 126263.78605459638 11177.526559612026 127344.65502929688 1.18310546875 15044.82377832297 17999
400 157.5 126282.00251689609 11064.7013991649 127344.65502929688 1.18310546875 18880.989036537958 18642
410 25.5 119769.93434723499 29941.42621338733 127344.65502929688 1.18310546875 27248.036384391944 20217
420 4.5 73523.58969726562 62848.38731949999 127344.65502929688 1.18310546875 28400.492616344123 20472
430 1 4.128076171875 5.317033332654578 127344.65502929688 1.18310546875 28499.46124570716 20517
440 1.8 2.5422905815972223 1.1972227396377544 127344.65502929688 1.18310546875 28485.57936663592 20527
450 1 3.42421875 3.530095372775754 127344.65502929688 1.18310546875 28460.624649314483 20545
460 2.3 2.6720342221467392 1.6082504108212679 127344.65502929688 1.18310546875 28446.780231688324 20555
470 1.9 5.047170538651316 4.512185016685604 127344.65502929688 1.18310546875 28414.988294253115 20578
480 0.8 4.938873291015625 3.5810637606580484 127344.65502929688 1.18310546875 28388.781133921486 20597
490 1.4 3.4665004185267856 3.0457189332458463 127344.65502929688 1.18310546875 28377.76095735827 20605
500 0.5 10.69599609375 5.286546819187501 127344.65502929688 1.18310546875 28358.49522563524 20619
510 0.8 2.221893310546875 0.22146129984130777 127344.65502929688 1.18310546875 28351.622698669198 20624
520 0.2 2.56103515625 0.365966796875 127344.65502929688 1.18310546875 28340.630298201824 20632
530 0.2 2.2559814453125 0.2589111328125 127344.65502929688 1.18310546875 28337.88356278813 20634
540 0.2 2.177490234375 0.21044921875 127344.65502929688 1.18310546875 28335.13733022549 20636
550 0.4 4.426025390625 3.8487477414854587 127344.65502929688 1.18310546875 28332.39162232356 20638
560 0 0 0 127344.65502929688 1.18310546875 28326.902238427247 20642
570 0 0 0 127344.65502929688 1.18310546875 28326.902238427247 20642
580 0 0 0 127344.65502929688 1.18310546875 28326.902238427247 20642
590 0 0 0 127344.65502929688 1.18310546875 28326.902238427247 20642
600 0 0 0 127344.65502929688 1.18310546875 28326.902238427247 20642
610 0 0 0 127344.65502929688 1.18310546875 28326.902238427247 20642
620 0 0 0 127344.65502929688 1.18310546875 28326.902238427247 20642
630 0 0 0 127344.65502929688 1.18310546875 28326.902238427247 20642
640 0 0 0 127344.65502929688 1.18310546875 28326.902238427247 20642
650 0 0 0 127344.65502929688 1.18310546875 28326.902238427247 20642
660 0 0 0 127344.65502929688 1.18310546875 28326.902238427247 20642
670 0 0 0 127344.65502929688 1.18310546875 28326.902238427247 20642
680 0 0 0 127344.65502929688 1.18310546875 28326.902238427247 20642
690 0 0 0 127344.65502929688 1.18310546875 28326.902238427247 20642
700 0 0 0 127344.65502929688 1.18310546875 28326.902238427247 20642
710 0 0 0 127344.65502929688 1.18310546875 28326.902238427247 20642
720 0 0 0 127344.65502929688 1.18310546875 28326.902238427247 20642
723 0 0 0 127344.65502929688 1.18310546875 28326.902238427247 20642
