10 12 12
20 22 10
30 29 7
40 42 13
50 53 11
60 82 29
70 113 31
80 143 30
90 176 33
100 251 75
110 330 79
120 418 88
130 544 126
140 675 131
150 790 115
160 1043 253
170 1319 276
180 1558 239
190 1931 373
200 2382 451
210 2760 378
220 3580 820
230 4506 926
240 5399 893
250 6907 1508
260 8425 1518
270 7800 -625
280 7105 -695
290 6313 -792
300 5763 -550
310 5253 -510
320 4913 -340
330 4795 -118
340 4890 95
350 5112 222
360 5270 158
370 5045 -225
380 4350 -695
390 4206 -144
400 5120 914
410 4687 -433
420 4062 -625
430 3391 -671
440 2763 -628
450 2184 -579
460 1706 -478
470 1279 -427
480 999 -280
490 745 -254
500 572 -173
510 450 -122
520 356 -94
530 304 -52
540 251 -53
550 224 -27
560 188 -36
570 159 -29
580 121 -38
590 81 -40
600 47 -34
610 27 -20
620 19 -8
630 8 -11
640 3 -5
650 1 -2
660 1 0
670 1 0
680 0 -1
690 0 0
700 0 0
710 0 0
720 0 0
723 0 0
