0 0 0
10 0 0
20 0 0
30 0.1 1
40 0 1
50 0.2 3
60 0.1 4
70 0.2 6
80 0.6 12
90 0.4 16
100 0.2 18
110 0.3 21
120 0.6 27
130 0.8 35
140 1.7 52
150 3.5 87
160 5.3 140
170 5.2 192
180 7.9 271
190 14.3 414
200 19 604
210 19.2 796
220 25.8 1054
230 28.2 1336
240 40.4 1740
250 52.5 2265
260 61.5 2880
270 80.5 3685
280 95.2 4637
290 106.6 5703
300 105.5 6758
310 103.6 7794
320 93.5 8729
330 91 9639
340 84 10479
350 77.2 11251
360 72.1 11972
370 74 12712
380 70.2 13414
390 76.8 14182
400 65.4 14836
410 66.7 15503
420 65.9 16162
430 66.2 16824
440 63.1 17455
450 57.3 18028
460 47.1 18499
470 42.9 18928
480 29.8 19226
490 25.1 19477
500 17.4 19651
510 12.3 19774
520 9.1 19865
530 5.7 19922
540 5.2 19974
550 3 20004
560 3.5 20039
570 3.1 20070
580 3.6 20106
590 3.9 20145
600 3.4 20179
610 2 20199
620 0.8 20207
630 1.1 20218
640 0.5 20223
650 0.2 20225
660 0 20225
670 0 20225
680 0.1 20226
690 0 20226
700 0 20226
710 0 20226
720 0 20226
723 0 20226
