10 1.8 688.3900689019097 625.4284001715923 2205.81884765625 12.594970703125 0 0
20 4.3 514.8365620457848 375.3768955171831 2205.81884765625 8.715087890625 688.3900689019097 18
30 4.5 1253.5062282986112 1273.4680503161276 4460.26904296875 8.715087890625 566.049072265625 61
40 4.9 888.8311842315051 666.6369204195784 4460.26904296875 8.715087890625 857.8940913362323 106
50 5.9 1887.1279214115466 1105.207114366016 4894.755126953125 8.715087890625 867.6742045740928 155
60 6.4 2896.566764831542 1710.1635700951747 8354.344970703125 8.715087890625 1148.7385470666618 214
70 6.8 5910.1385031307445 2125.8208693432553 11556.69189453125 8.715087890625 1551.1162662643321 278
80 6.8 8202.782416848575 2512.9896443138773 14791.97607421875 8.715087890625 2407.80271744039 346
90 8.1 10253.96590470679 3063.5680928370784 17006.4140625 8.715087890625 3359.6351318359375 414
100 7.5 12986.132747395834 3399.0867188264865 21540.43603515625 8.715087890625 4487.798349214804 495
110 22.2 4613.7994076840505 7357.76695309445 27241.257080078125 1.97900390625 5606.0002437123085 570
120 37.1 4322.798206257369 8638.328317547133 32866.4638671875 1.8330078125 5327.883342704387 792
130 51 3182.7892587699143 8600.933797731397 37727.171875 1.8330078125 5007.258591524815 1163
140 71.9 3026.3743409221793 9338.158373421635 43542.47900390625 1.760009765625 4451.0844374871585 1673
150 82.9 2580.2606140799317 9081.659526977226 47907.045166015625 1.760009765625 4022.8375480932536 2392
160 125.1 1743.5346166426227 7188.841615307405 49932.27685546875 1.760009765625 3651.5564930491546 3221
170 158.8 1322.917447721927 6475.559349883794 53233.35302734375 1.760009765625 3117.805292828991 4472
180 180.5 1250.6513835537146 6206.3840066318435 53784.489990234375 1.760009765625 2647.4617452992848 6060
190 241 940.925808804461 5448.529114322263 54786.5009765625 1.760009765625 2326.8968752483306 7865
200 317.4 689.9369606445937 4466.7759185782315 56473.14892578125 1.703857421875 2001.8175302235397 10275
210 334.7 650.4535301260929 4536.250440157572 56473.14892578125 1.703857421875 1692.2102041886246 13449
220 473.5 465.3675172316365 3712.254962614829 56473.14892578125 1.703857421875 1484.6155633165542 16796
230 571.4 423.1196489878208 3285.4683761229226 56473.14892578125 1.703857421875 1260.4671494847728 21531
240 719 389.5012591747979 3104.0431587619446 59767.580810546875 1.68798828125 1084.8531425903122 27245
250 928.3 448.0631875544929 2868.2517922248385 59767.580810546875 1.68798828125 939.6642347419735 34435
260 1140.4 452.18062248751806 2249.161727166111 61112.035888671875 1.68798828125 835.278569317174 43718
270 819.7 450.26359783161985 2805.897503795484 61112.035888671875 1.656982421875 756.0207596287484 55122
280 735 494.6322116151153 3228.1009268068083 61112.035888671875 1.656982421875 716.43877862382 63319
290 663.6 600.9964725064411 3646.9366376582184 61112.035888671875 1.656982421875 693.3695648594539 70669
300 604.3 646.4471481805507 3786.477835947026 61112.035888671875 1.656982421875 685.4400927573313 77305
310 593.6 1569.0957810229677 6097.195163419198 61112.035888671875 1.656982421875 682.6129779606058 83348
320 544.8 3293.1927928504465 9143.994461373904 61112.035888671875 1.656982421875 741.5503230501871 89284
330 558.7 7287.594483383238 18119.38900010677 63646.842041015625 1.656982421875 888.2942762599981 94732
340 588.3 9615.535386571322 21991.1195894191 63646.842041015625 1.656982421875 1244.6862883135227 100319
350 624.4 10476.877611452283 23191.94780618961 63841.89599609375 1.656982421875 1708.3847614595147 106202
360 631.1 9282.59880720417 22166.112226185156 95864.48608398438 1.656982421875 2195.289314359172 112446
370 581.1 6092.177016279732 18467.58713953902 97622.67114257813 1.656982421875 2571.9240408118844 118757
380 411.6 695.9099253959387 6297.614439133994 98446.68701171875 1.656982421875 2736.1410952756605 124568
390 449.2 18509.673903997736 44299.60112086553 127661.05493164063 1.656982421875 2670.8836312923763 128684
400 731.2 27331.98151906888 51984.11522850235 127711.001953125 1.656982421875 3205.1228778908057 133176
410 519.7 6564.640449727995 27332.839643381216 127847.97705078125 1.656982421875 4460.857107037025 140488
420 376 1610.9667163605407 12037.309390331142 157489.76513671875 1.656982421875 4535.905066895384 145685
430 305 1221.0322312852209 10213.363412899447 162199.82299804688 1.656982421875 4462.314326502524 149445
440 248.8 1002.1049889076937 6909.805176409872 162199.82299804688 1.656982421875 4397.486559097607 152495
450 195.8 993.925244340127 5287.160617052665 162199.82299804688 1.656982421875 4342.979230251008 154983
460 145 1362.5263016904617 6186.198433439006 162199.82299804688 1.656982421875 4301.196345571966 156941
470 104.7 2208.8514475417073 8158.476042225842 162199.82299804688 1.656982421875 4274.294112720174 158391
480 63.9 3363.6331548317708 10192.633078450508 162199.82299804688 1.656982421875 4260.730730901274 159438
490 47.9 3412.9584461443105 9494.896237724102 162199.82299804688 1.656982421875 4257.149670842 160077
500 29.2 7545.4845873689 14189.921175250545 162199.82299804688 1.656982421875 4254.63112530879 160556
510 20.5 9435.868523723322 15242.092296632627 162199.82299804688 1.656982421875 4260.605269910659 160848
520 13.4 16029.74535586229 17609.611445607712 162199.82299804688 1.656982421875 4267.192722283677 161053
530 8.2 25963.028868140245 16359.8191929266 162199.82299804688 1.656982421875 4276.971315178263 161187
540 7.6 31089.796033357317 12069.417094559682 162199.82299804688 1.656982421875 4287.997964561237 161269
550 6.6 32424.418675278157 9932.078357233357 162199.82299804688 1.656982421875 4300.622692028642 161345
560 6.4 31750.827438354492 10180.141084752599 162199.82299804688 1.656982421875 4312.122345304407 161411
570 7 27658.129879324773 9130.937697933728 162199.82299804688 1.656982421875 4322.997571351505 161475
580 7.4 23347.092486407306 9965.889428663146 162199.82299804688 1.656982421875 4333.1090527440465 161545
590 7.6 11952.075192100121 5945.1464742200715 162199.82299804688 1.656982421875 4341.814927511809 161619
600 4.1 2967.405148389862 2741.25487281245 162199.82299804688 1.656982421875 4345.391907505679 161695
610 1.5 340.09996744791664 156.9177890204192 162199.82299804688 1.656982421875 4345.042588509762 161736
620 0.9 267.8168674045139 107.49113987692002 162199.82299804688 1.656982421875 4344.671189635468 161751
630 0.4 276.1849365234375 20.794531446904706 162199.82299804688 1.656982421875 4344.444361687272 161760
640 0.3 270.9236653645833 6.413999867207675 162199.82299804688 1.656982421875 4344.343764287971 161764
650 0.1 275.200927734375 0.0 162199.82299804688 1.656982421875 4344.2682219320095 161767
660 0 0 0 162199.82299804688 1.656982421875 4344.2430682100485 161768
670 0 0 0 162199.82299804688 1.656982421875 4344.2430682100485 161768
680 0 0 0 162199.82299804688 1.656982421875 4344.2430682100485 161768
690 0 0 0 162199.82299804688 1.656982421875 4344.2430682100485 161768
700 0 0 0 162199.82299804688 1.656982421875 4344.2430682100485 161768
710 0 0 0 162199.82299804688 1.656982421875 4344.2430682100485 161768
720 0 0 0 162199.82299804688 1.656982421875 4344.2430682100485 161768
723 0 0 0 162199.82299804688 1.656982421875 4344.2430682100485 161768
