10 2.4 527.600087483724 374.92456326663563 1450.052978515625 12.594970703125 0 0
20 4.9 446.7774284518495 327.71748656801793 1450.052978515625 8.715087890625 527.600087483724 24
30 5.4 1049.7790979456022 953.3942001580976 3776.533935546875 7.406005859375 473.34926155821915 73
40 6.1 731.1413374103483 595.3853305895086 3776.533935546875 7.406005859375 718.4454124630906 127
50 7.7 1519.806700867492 841.5348373835667 3834.743896484375 7.406005859375 722.5648349193816 188
60 8.2 2472.264082745809 1394.5273763238567 6185.60595703125 7.406005859375 954.2162450250589 265
70 8.9 4833.59952708041 980.7437432950458 6815.921875 7.406005859375 1312.9480107112306 347
80 9.3 6861.867035240257 834.3991465963946 8593.675048828125 7.406005859375 2031.6131138232881 436
90 9.8 8498.171720543687 1081.9184883100406 10916.52392578125 7.406005859375 2880.7881888550046 529
100 9.7 11282.87779880799 920.110749196042 13509.635009765625 7.406005859375 3758.7843389435066 627
110 28.9 4560.296924841862 6702.974053818221 16929.969970703125 1.828857421875 4766.846584256842 724
120 47.8 4158.906750028599 7717.177619338676 21457.9521484375 1.74609375 4707.919781126606 1013
130 63 2818.296667674234 7225.942578583021 23471.671875 1.7421875 4531.9115793393175 1491
140 88.3 2154.351245919009 6760.848307280786 25589.34716796875 1.719970703125 4022.917051121967 2121
150 102.8 1867.2230500098801 6584.96361303084 27397.54296875 1.719970703125 3473.668180950791 3004
160 155.7 1448.1712876199215 6031.136618269508 29150.822998046875 1.719970703125 3064.088420383515 4032
170 199 1058.1224941847915 5200.742409939792 29629.940185546875 1.719970703125 2613.9214896780372 5589
180 224.3 972.9689721538192 5012.534903107217 30901.31298828125 1.719970703125 2205.4190485866584 7579
190 306.3 715.6663032055986 4241.989561949936 30901.31298828125 1.719970703125 1923.9707161249542 9822
200 400.8 519.0013603773897 3602.387663843707 30901.31298828125 1.703857421875 1636.73467291409 12885
210 413.3 497.0703683812077 3591.1463995583317 30901.31298828125 1.703857421875 1371.5434625519817 16893
220 595.5 353.74942246700476 3015.5946877626834 30901.31298828125 1.698974609375 1199.6516477413754 21026
230 712.7 340.5376497934791 2916.214265866361 31997.4970703125 1.698974609375 1012.9518311478882 26981
240 896.7 297.00949379495705 2559.9865015908945 33423.041015625 1.68798828125 872.4482580708132 34108
250 1160 357.306488773741 2525.024045218288 34854.263916015625 1.68798828125 752.6581385290465 43075
260 1418 360.7474172056826 1968.60438836299 34854.263916015625 1.6669921875 668.7792334140662 54675
270 1025 360.0790600466837 2509.09140374772 35102.131103515625 1.65185546875 605.3431553683922 68855
280 925.9 391.24358478912393 2877.574288014225 35102.131103515625 1.65185546875 573.5631543944019 79105
290 845.5 473.0582294015181 3235.7288640444144 35647.952880859375 1.65185546875 554.4592558047583 88364
300 773.6 509.53233670350016 3367.160450004521 35956.7958984375 1.65185546875 547.3506750691652 96819
310 744.5 1270.1496379701166 5516.015040679531 38146.498046875 1.65185546875 544.5525050572404 104555
320 677.7 2670.9319962626378 8324.394392767867 46857.220947265625 1.65185546875 592.785278758458 112000
330 692.9 5921.259881899202 16577.361568130087 63404.1728515625 1.65185546875 711.3570586866077 118777
340 733.3 7772.533530565747 20109.699717652227 63497.592041015625 1.65185546875 998.530436743662 125706
350 773.2 8493.533776501816 21262.865127369016 63607.630859375 1.65185546875 1371.907902652135 133039
360 783 7485.771046699148 20199.50285398997 95730.1669921875 1.65185546875 1763.0709352128595 140771
370 727.3 4836.942451727765 16517.78478215965 97192.0830078125 1.65185546875 2064.608218763695 148601
380 520.8 422.4456498340894 3770.569724950629 97192.0830078125 1.65185546875 2193.963896274682 155874
390 574.2 14529.889052712271 39953.69103352198 127543.44702148438 1.65185546875 2136.6883035488495 161082
400 910.7 22095.968542505907 47946.102849790776 127549.64697265625 1.65185546875 2563.256175687729 166824
410 638.6 5162.395159302313 24328.90958318515 127572.10693359375 1.65185546875 3574.3594577961303 175931
420 470 1262.306736047625 10666.28204717424 157488.56103515625 1.65185546875 3629.983431368636 182317
430 383.1 797.6126043986355 7105.928344365765 160264.22802734375 1.65185546875 3570.4803890355392 187017
440 314.5 775.1309783789989 5375.47560336551 160264.22802734375 1.65185546875 3514.819043446673 190848
450 245.7 874.8929845292157 4970.677869912116 160264.22802734375 1.65185546875 3470.403425539646 193993
460 179.5 1179.930398024024 5768.4601924757435 160264.22802734375 1.65185546875 3437.9413784357384 196450
470 129.7 1886.2682544528848 7048.883469301116 160264.22802734375 1.65185546875 3417.4963245385957 198245
480 74.9 2796.3331707902175 8181.2440431682335 160264.22802734375 1.65185546875 3407.5435185784413 199542
490 57.2 3155.107713392563 8491.50632101287 160264.22802734375 1.65185546875 3405.257861457086 200291
500 35.3 6301.20051138124 11445.628253420324 160264.22802734375 1.65185546875 3404.5455058480743 200863
510 23.3 8599.912888948496 12986.21972297776 160264.22802734375 1.65185546875 3409.6272052007757 201216
520 15.4 14018.896771319502 14024.77300775037 160264.22802734375 1.65185546875 3415.630394912878 201449
530 9.3 21896.682073777713 11846.068684117468 160264.22802734375 1.65185546875 3423.729991754029 201603
540 8.2 26811.92417051734 6168.635757428245 160264.22802734375 1.65185546875 3432.247684438208 201696
550 7.9 27789.48410922667 1376.8351978919186 160264.22802734375 1.65185546875 3441.7488861145976 201778
560 6.9 27252.25000353827 910.4308484692592 160264.22802734375 1.65185546875 3451.2777658791133 201857
570 7.6 23687.56438887747 1652.8204790018156 160264.22802734375 1.65185546875 3459.4107803715438 201926
580 8.2 18283.096786871196 2805.1257081376957 160264.22802734375 1.65185546875 3467.021297466654 202002
590 7.9 9631.457704954513 2904.5887664945853 160264.22802734375 1.65185546875 3473.0332439351087 202084
600 4.3 2829.380910474199 2748.718858786855 160264.22802734375 1.65185546875 3475.4397947501466 202163
610 1.6 318.83628845214844 172.8089813974252 160264.22802734375 1.65185546875 3475.302407471708 202206
620 1 241.0226806640625 129.7861602001503 160264.22802734375 1.65185546875 3475.052664823014 202222
630 0.4 276.1849365234375 20.794531446904706 160264.22802734375 1.65185546875 3474.8927479955996 202232
640 0.3 270.9236653645833 6.413999867207675 160264.22802734375 1.65185546875 3474.8294811625638 202236
650 0.1 275.200927734375 0.0 160264.22802734375 1.65185546875 3474.781954634805 202239
660 0 0 0 160264.22802734375 1.65185546875 3474.7661339216575 202240
670 0 0 0 160264.22802734375 1.65185546875 3474.7661339216575 202240
680 0 0 0 160264.22802734375 1.65185546875 3474.7661339216575 202240
690 0 0 0 160264.22802734375 1.65185546875 3474.7661339216575 202240
700 0 0 0 160264.22802734375 1.65185546875 3474.7661339216575 202240
710 0 0 0 160264.22802734375 1.65185546875 3474.7661339216575 202240
720 0 0 0 160264.22802734375 1.65185546875 3474.7661339216575 202240
723 0 0 0 160264.22802734375 1.65185546875 3474.7661339216575 202240
