30 0.1 19676.3359375 0 19676.3359375 19676.3359375 0 0
40 0 0 0 19676.3359375 19676.3359375 19676.3359375 1
50 0.2 30892.427490234375 9788.978515625 40681.406005859375 19676.3359375 19676.3359375 1
60 0.1 49191.35498046875 0.0 49191.35498046875 19676.3359375 27153.730305989582 3
70 0.2 57433.66564941406 1395.7125244140625 58829.378173828125 19676.3359375 32663.136474609375 4
80 0.6 63954.48872884115 10363.49970276155 70088.8291015625 19676.3359375 40919.9795328776 6
90 0.4 58860.04620361328 9464.818163114525 73788.81494140625 19676.3359375 52437.234130859375 12
100 0.2 82134.44152832031 568.4996337890625 82702.94116210938 19676.3359375 54042.93714904785 16
110 0.3 80780.16666666667 12905.80601776862 92085.15795898438 19676.3359375 57164.21541341146 18
120 0.6 59914.9716796875 17651.912377448287 92085.15795898438 19676.3359375 60537.92273530506 21
130 0.8 72981.6969909668 22062.441024731073 92085.15795898438 19676.3359375 60399.48916739005 27
140 1.7 68606.22975068934 38954.521453327405 130383.93603515625 11697.662841796875 63275.42238420759 35
150 3.5 62029.838825334824 30599.55831982927 137097.89501953125 10827.14404296875 65018.18633094201 52
160 5.3 62812.99353257665 33654.373266729 139548.8818359375 10827.14404296875 63815.977564318426 87
170 5.2 56230.44821401743 28860.034902426014 139548.8818359375 10827.14404296875 63436.27646658761 140
180 7.9 61910.823307085644 36738.42108778093 166901.93994140625 9710.325927734375 61484.69798151652 192
190 14.3 56106.28394066872 32579.743523721172 166901.93994140625 6692.166015625 61608.91901738353 271
200 19 57153.04759200247 31484.59333618146 166901.93994140625 6692.166015625 59708.250379774305 414
210 19.2 56978.575079600014 31154.635306028787 180416.90698242188 6692.166015625 58904.46142335601 604
220 25.8 54946.25117717417 32284.95100474418 180416.90698242188 6127.934814453125 58439.92602385708 796
230 28.2 56282.18818307428 31534.07382742277 180416.90698242188 6127.934814453125 57584.73806328385 1054
240 40.4 55954.700298044925 32206.63873986432 187688.916015625 6127.934814453125 57309.79864246117 1336
250 52.5 52394.73584449404 29864.364064783822 187688.916015625 6127.934814453125 56995.16661306798 1740
260 61.5 52581.99145071136 28003.471129459544 223990.96313476563 6127.934814453125 55928.841600484615 2265
270 80.5 52763.58101738403 27045.292019533903 223990.96313476563 6127.934814453125 55214.14964141846 2880
280 95.2 52383.453613024765 27330.448031301705 223990.96313476563 6127.934814453125 54678.81511160904 3685
290 106.6 56451.54112990847 25273.033795155545 223990.96313476563 6127.934814453125 54207.565565210025 4637
300 105.5 61548.70552197495 23072.58717804466 223990.96313476563 6127.934814453125 54627.007604832776 5703
310 103.6 67785.74079500286 21697.72410040216 223990.96313476563 6127.934814453125 55707.56269547868 6758
320 93.5 74363.86599055819 24910.94701113755 223990.96313476563 6127.934814453125 57313.02747750421 7794
330 91 75510.13821525151 24925.50992559366 223990.96313476563 6127.934814453125 59139.41469364643 8729
340 84 83819.76039225262 26237.80821606511 223990.96313476563 6127.934814453125 60684.94414739274 9639
350 77.2 85359.79059122504 25661.575707646545 223990.96313476563 6127.934814453125 62539.43843555786 10479
360 72.1 91261.46852109683 24655.43393071097 223990.96313476563 6127.934814453125 64105.28252623203 11251
370 74 94598.47745130386 22521.98245866137 223990.96313476563 6127.934814453125 65740.73275195017 11972
380 70.2 101083.81497896634 21337.852032465104 223990.96313476563 6127.934814453125 67420.6203445809 12712
390 76.8 107751.72220420837 19985.04209993496 243306.93798828125 6127.934814453125 69182.32920348491 13414
400 65.4 114638.61729501151 18204.91955708462 243306.93798828125 6127.934814453125 71270.98340067541 14182
410 66.7 125425.42066857197 17553.973683279462 243306.93798828125 6127.934814453125 73182.7138244349 14836
420 65.9 136351.20499588017 16832.699206940888 243306.93798828125 6127.934814453125 75430.40043122323 15503
430 66.2 146859.09277970713 15014.085459159414 243306.93798828125 6127.934814453125 77914.42531725891 16162
440 63.1 157306.25784229217 14263.806408727896 243306.93798828125 6127.934814453125 80627.29799082885 16824
450 57.3 169577.53829258351 15459.716431704168 288186.97998046875 6127.934814453125 83399.2500771235 17455
460 47.1 179971.037658821 12726.390387031108 288186.97998046875 6127.934814453125 86138.33145872205 18028
470 42.9 190137.3644666694 13780.46935384034 288186.97998046875 6127.934814453125 88527.39057652553 18499
480 29.8 201124.08943985304 12629.509704129197 288186.97998046875 6127.934814453125 90830.36388584884 18928
490 25.1 212718.55864432894 11546.93564147092 288186.97998046875 6127.934814453125 92539.89942184663 19226
500 17.4 222925.31198786592 11852.583196832522 288186.97998046875 6127.934814453125 94088.64119238844 19477
510 12.3 232428.932218226 12008.10093128738 288186.97998046875 6127.934814453125 95229.4269395979 19651
520 9.1 242739.5611290565 11453.814855035833 288186.97998046875 6127.934814453125 96082.84754995853 19774
530 5.7 250720.92589689555 12146.495433085787 288186.97998046875 6127.934814453125 96754.67040098789 19865
540 5.2 265227.7538452148 9206.039086095083 288186.97998046875 6127.934814453125 97195.19226441861 19922
550 3 274349.807023112 12841.613363063416 291099.8669433594 6127.934814453125 97632.64561388298 19974
560 3.5 284073.530203683 10547.092083849191 299036.96484375 6127.934814453125 97897.66835144932 20004
570 3.1 297188.29066910275 7803.997178178098 310673.1472167969 6127.934814453125 98222.84202103503 20039
580 3.6 306383.97866482206 8411.073569437813 322638.81201171875 6127.934814453125 98530.1628435607 20070
590 3.9 312801.6168619792 10845.427818026383 329548.8701171875 6127.934814453125 98902.32724073395 20106
600 3.4 323511.6535070083 11812.053853880596 340661.58203125 6127.934814453125 99316.42862049214 20145
610 2 338512.5441162109 6631.770182674322 346747.5681152344 6127.934814453125 99694.1796312529 20179
620 0.8 346134.24365234375 9541.23865003884 357123.68408203125 6127.934814453125 99930.6451636901 20199
630 1.1 350408.77887517755 9334.186372417575 362129.93603515625 6127.934814453125 100028.11776169621 20207
640 0.5 366498.817578125 4255.25970652246 373687.8278808594 6127.934814453125 100164.34227808003 20218
650 0.2 375668.0810546875 5508.6220703125 381176.703125 6127.934814453125 100230.19167611694 20223
660 0 0 0 381176.703125 6127.934814453125 100257.4290446587 20225
670 0 0 0 381176.703125 6127.934814453125 100257.4290446587 20225
680 0.1 413347.8859863281 0.0 413347.8859863281 6127.934814453125 100257.4290446587 20225
690 0 0 0 413347.8859863281 6127.934814453125 100272.90864798817 20226
700 0 0 0 413347.8859863281 6127.934814453125 100272.90864798817 20226
710 0 0 0 413347.8859863281 6127.934814453125 100272.90864798817 20226
720 0 0 0 413347.8859863281 6127.934814453125 100272.90864798817 20226
723 0 0 0 413347.8859863281 6127.934814453125 100272.90864798817 20226
