10 10.925 10.925
20 24.6609375 35.5859375
30 29.4109375 64.996875
40 31.91953125 96.91640625
50 43.24375 140.16015625
60 54.77578125 194.9359375
70 54.48359375 249.41953125
80 55.996875 305.41640625
90 62.6828125 368.09921875
100 73.459375 441.55859375
110 114.94375 556.50234375
120 185.84921875 742.3515625
130 227.06015625 969.41171875
140 312.40078125 1281.8125
150 377.921875 1659.734375
160 515.278125 2175.0125
170 639.19609375 2814.20859375
180 708.33359375 3522.5421875
190 950.584375 4473.1265625
200 1201.696875 5674.8234375
210 1215.28671875 6890.11015625
220 1712.06015625 8602.1703125
230 2019.29453125 10621.46484375
240 2523.3765625 13144.84140625
250 3275.17578125 16420.0171875
260 3911.9 20331.9171875
270 2966.83046875 23298.74765625
280 2655.4828125 25954.23046875
290 2481.62421875 28435.8546875
300 2264.30078125 30700.15546875
310 2140.84765625 32841.003125
320 1952.33359375 34793.33671875
330 1967.49453125 36760.83125
340 2081.3734375 38842.2046875
350 2169.11015625 41011.31484375
360 2179.42265625 43190.7375
370 2077.84375 45268.58125
380 1547.14921875 46815.73046875
390 1639.765625 48455.49609375
400 2523.8375 50979.33359375
410 1837.09375 52816.42734375
420 1404.91875 54221.34609375
430 1145.23125 55366.57734375
440 958.75 56325.32734375
450 764.6890625 57090.01640625
460 574.865625 57664.88203125
470 431.32421875 58096.20625
480 252.06953125 58348.27578125
490 198.72109375 58546.996875
500 132.79375 58679.790625
510 92.07265625 58771.86328125
520 65.715625 58837.57890625
530 38.5421875 58876.12109375
540 26.525 58902.64609375
550 29.48125 58932.12734375
560 21.953125 58954.08046875
570 22.065625 58976.14609375
580 23.18359375 58999.3296875
590 20.81328125 59020.14296875
600 11.06015625 59031.203125
610 8.36796875 59039.57109375
620 5.27109375 59044.8421875
630 2.0671875 59046.909375
640 1.54921875 59048.45859375
650 0.51640625 59048.975
660 0 59048.975
670 0 59048.975
680 0 59048.975
690 0 59048.975
700 0 59048.975
710 0 59048.975
720 0 59048.975
723 0 59048.975
