10 499.82890625 499.82890625
20 984.12421875 1483.953125
30 1333.08203125 2817.03515625
40 1511.9140625 4328.94921875
50 1913.278125 6242.22734375
60 1954.115625 8196.34296875
70 1910.1109375 10106.45390625
80 1818.58046875 11925.034375
90 1902.77109375 13827.80546875
100 2063.86015625 15891.665625
110 1922.27421875 17813.93984375
120 1784.8984375 19598.83828125
130 1925.6375 21524.47578125
140 2226.05234375 23750.528125
150 2344.50625 26095.034375
160 2509.4578125 28604.4921875
170 2863.52421875 31468.01640625
180 2796.03203125 34264.0484375
190 3268.059375 37532.1078125
200 3344.678125 40876.7859375
210 3469.06796875 44345.85390625
220 3831.240625 48177.09453125
230 4497.7734375 52674.86796875
240 5103.85625 57778.72421875
250 6138.54296875 63917.2671875
260 6631.8015625 70549.06875
270 5317.9296875 75866.9984375
280 4902.3078125 80769.30625
290 4703.340625 85472.646875
300 4845.96015625 90318.60703125
310 4473.46875 94792.07578125
320 4165.77265625 98957.8484375
330 4167.84375 103125.6921875
340 4445.65078125 107571.34296875
350 4676.29140625 112247.634375
360 4495.9453125 116743.5796875
370 4380.48984375 121124.06953125
380 3881.99921875 125006.06875
390 4011.87421875 129017.94296875
400 4955.60703125 133973.55
410 4008.04765625 137981.59765625
420 3282.7375 141264.33515625
430 3148.6640625 144412.99921875
440 2745.7046875 147158.70390625
450 2634.7015625 149793.40546875
460 2193.5796875 151986.98515625
470 2158.065625 154145.05078125
480 1890.803125 156035.85390625
490 1709.90859375 157745.7625
500 1724.91953125 159470.68203125
510 1550.375 161021.05703125
520 1516.453125 162537.51015625
530 1497.02734375 164034.5375
540 1492.1171875 165526.6546875
550 1513.3875 167040.0421875
560 1568.04765625 168608.08984375
570 1510.2875 170118.37734375
580 1436.4546875 171554.83203125
590 1493.61015625 173048.4421875
600 804.5390625 173852.98125
610 331.42734375 174184.40859375
620 166.45703125 174350.865625
630 82.0265625 174432.8921875
640 61.51484375 174494.40703125
650 20.50703125 174514.9140625
660 0 174514.9140625
670 0 174514.9140625
680 0 174514.9140625
690 0 174514.9140625
700 0 174514.9140625
710 0 174514.9140625
720 0 174514.9140625
723 0 174514.9140625
