0 0 0
10 12 12
20 23 23
30 29 30
40 42 42
50 53 53
60 82 82
70 115 115
80 143 143
90 177 177
100 254 254
110 331 331
120 418 419
130 547 547
140 677 677
150 788 790
160 1048 1048
170 1320 1320
180 1563 1563
190 1935 1935
200 2386 2386
210 2768 2768
220 3589 3589
230 4568 4568
240 5447 5450
250 6996 6996
260 8772 8772
270 10378 10378
280 11434 11436
290 12050 12050
300 12947 12947
310 12432 13177
320 11497 13177
330 10587 13177
340 9747 13177
350 8975 13177
360 8254 13177
370 7514 13177
380 6812 13177
390 6044 13177
400 5390 13177
410 4723 13177
420 4064 13177
430 3402 13177
440 2771 13177
450 2198 13177
460 1727 13177
470 1298 13177
480 1000 13177
490 749 13177
500 575 13177
510 452 13177
520 361 13177
530 304 13177
540 252 13177
550 222 13177
560 187 13177
570 156 13177
580 120 13177
590 81 13177
600 47 13177
610 27 13177
620 19 13177
630 8 13177
640 3 13177
650 1 13177
660 1 13177
670 1 13177
680 0 13177
690 0 13177
700 0 13177
710 0 13177
720 0 13177
723 0 13177
