0 0 0
10 1.2 12
20 1.1 23
30 0.7 30
40 1.3 43
50 1.3 56
60 3 86
70 3.5 121
80 3.4 155
90 3.8 193
100 7.9 272
110 8 352
120 9.3 445
130 13.7 582
140 14.7 729
150 14.6 875
160 31.3 1188
170 32.4 1512
180 32.2 1834
190 51.5 2349
200 64.1 2990
210 57.4 3564
220 107.9 4643
230 126.1 5904
240 128.3 7187
250 207.4 9261
260 239.1 11652
270 241.1 14063
280 200.8 16071
290 168.2 17753
300 195.2 19705
310 52.1 20226
320 0 20226
330 0 20226
340 0 20226
350 0 20226
360 0 20226
370 0 20226
380 0 20226
390 0 20226
400 0 20226
410 0 20226
420 0 20226
430 0 20226
440 0 20226
450 0 20226
460 0 20226
470 0 20226
480 0 20226
490 0 20226
500 0 20226
510 0 20226
520 0 20226
530 0 20226
540 0 20226
550 0 20226
560 0 20226
570 0 20226
580 0 20226
590 0 20226
600 0 20226
610 0 20226
620 0 20226
630 0 20226
640 0 20226
650 0 20226
660 0 20226
670 0 20226
680 0 20226
690 0 20226
700 0 20226
710 0 20226
720 0 20226
723 0 20226
