10 1.2 122.16389973958333 299.03869009478245 1046.364013671875 1.739990234375 0 0
20 1 2.25517578125 0.2692581960835029 1046.364013671875 1.739990234375 122.16389973958333 12
30 0.8 2.226287841796875 0.15726050904864589 1046.364013671875 1.739990234375 67.65993430397727 22
40 0.9 2.1902398003472223 0.18241648361867865 1046.364013671875 1.739990234375 50.210961914062494 30
50 2.4 2.1132100423177085 0.24570514614612882 1046.364013671875 1.723876953125 39.12925681089743 39
60 2.4 2.33343505859375 0.3849179906967192 1046.364013671875 1.716064453125 25.027905660962297 63
70 3.2 2.550933837890625 1.6045352824942687 1046.364013671875 1.716064453125 18.767362046515803 87
80 5 2.2090869140624996 0.28334174228325876 1046.364013671875 1.716064453125 14.406641855961132 119
90 4.1 3.222013147865854 4.6381965448141615 1046.364013671875 1.695068359375 10.79789779031065 169
100 8 2.1073425292968753 0.504252376668941 1046.364013671875 1.641845703125 9.31879650297619 210
110 7.4 5.390641495988176 11.714232757051782 1046.364013671875 1.608154296875 7.329429889547414 290
120 7.5 2.180481770833334 0.6734969324181949 1046.364013671875 1.608154296875 6.93528060074691 364
130 13.7 2.2125858947308394 1.380110488791728 1046.364013671875 1.608154296875 6.1229573382332 439
140 15.4 2.076119559151785 0.3320354988453264 1046.364013671875 1.60205078125 5.1928863525390625 576
150 15.3 2.151432610804739 0.9174947054443577 1046.364013671875 1.56591796875 4.535376645440925 730
160 28.5 2.063702713815788 1.023893803989918 1046.364013671875 1.489990234375 4.122303670016988 883
170 28.7 2.028501503974304 0.4472678721315292 1046.364013671875 1.337890625 3.619990936697346 1168
180 31.3 2.8408702326277955 4.974995393387317 1046.364013671875 1.337890625 3.306068278833763 1455
190 61.1 2.1577416153078968 1.7131909379073267 1046.364013671875 1.337890625 3.223711384907028 1768
200 60.2 2.019564505035295 0.5686787807539845 1046.364013671875 1.3310546875 2.949937728234027 2379
210 65.1 2.014142155097924 0.44786145574435776 1046.364013671875 1.262939453125 2.762052897517611 2981
220 117.7 2.168790572562662 1.126439104337808 1046.364013671875 1.1728515625 2.6279973101510867 3632
230 125.7 2.182832971298227 1.5803122620094845 1046.364013671875 1.1728515625 2.515606723721148 4809
240 124.7 2.6426370554956864 2.286184042871388 1046.364013671875 1.1728515625 2.4466491558352903 6066
250 236.4 2.344105367128016 1.0913502978301322 1046.364013671875 1.164794921875 2.480068670518254 7313
260 161.3 29.060339060320445 171.99377340894753 3002.570068359375 1.164794921875 2.4468541154687014 9677
270 18.7 1633.9694328104115 2068.8670949113807 7017.590087890625 1.164794921875 6.249117287837688 11290
280 26.1 2603.5751354465997 4108.7973928681095 15038.010009765625 1.164794921875 32.77030740744397 11477
