10 2.4 294.6098937988282 417.16000635624204 1946.56396484375 9.5869140625 0 0
20 3.4 211.34063361672793 114.00908770984034 1946.56396484375 8.06298828125 294.6098937988282 24
30 4.9 198.2218391262755 98.45181117472937 1946.56396484375 8.06298828125 245.79687920932116 58
40 4.5 196.30675455729167 123.90855528180074 1946.56396484375 8.06298828125 224.01017861054322 107
50 8.2 262.9361095893674 203.18399777428982 1946.56396484375 7.89501953125 215.8085070158306 152
60 11.8 465.91079556739936 376.51668964819146 1946.56396484375 7.89501953125 232.32330791766827 234
70 13.2 427.98716597123575 420.74380715112926 2343.303955078125 7.89501953125 310.6282043457031 352
80 17 1030.5873635684745 544.332233704469 2905.873046875 7.89501953125 342.6351938799393 484
90 17.5 1966.0524093191962 850.569962346286 5037.3759765625 7.89501953125 521.4606814136564 654
100 19 3196.7279258326485 1231.2652075938688 6639.1728515625 7.89501953125 826.4106842887703 829
110 17.2 6146.937636264531 1888.966919977797 11383.113037109375 7.89501953125 1268.3736635756563 1019
120 26.5 5911.198538841391 4549.141019832637 15565.40478515625 2.153076171875 1972.9185865836212 1191
130 50.5 3853.9946748336934 5690.573292026246 18879.15087890625 2.012939453125 2689.707176795372 1456
140 67.1 3111.3628118887386 5592.6033157795255 21113.153076171875 1.9951171875 2989.536440696112 1961
150 76.6 2871.0988030097515 5530.958385964917 21576.83203125 1.949951171875 3020.594759491801 2632
160 117.4 1747.954068081546 4516.643958879377 21576.83203125 1.912841796875 2986.894376129456 3398
170 151.6 1419.1059220850002 4161.246106835694 21576.83203125 1.912841796875 2668.7587852177658 4572
180 173.1 1224.0704014963826 3894.7979904297017 21576.83203125 1.912841796875 2357.5771589843107 6088
190 256 860.5260499954213 3303.050155633203 22307.01318359375 1.912841796875 2106.6371158571073 7819
200 306.9 716.3932237572291 2923.461244749583 22490.466064453125 1.865966796875 1799.2814622675594 10379
210 366.3 566.0083093125074 2600.9026103102356 22490.466064453125 1.847900390625 1552.1529670275088 13448
220 511.5 432.6301029924997 2319.665729966072 22490.466064453125 1.794189453125 1341.046200549217 17111
230 638.6 339.3510549122951 1969.0006418224598 22490.466064453125 1.794189453125 1131.9870653470841 22226
240 694.8 286.14357861665485 1856.3250233669985 22490.466064453125 1.794189453125 955.0762040778069 28612
250 1050.4 205.0732947623373 1590.2641704567463 23142.742919921875 1.794189453125 824.3747450872534 35560
260 1130.7 201.3021396452414 1568.6632668095174 24153.2080078125 1.794189453125 683.1550847404984 46064
270 769.3 309.1665226618855 1811.9332498555166 24153.2080078125 1.794189453125 588.1887907907316 57371
280 711.1 410.08636803346076 2167.6531386408305 24630.76708984375 1.794189453125 555.1979155184579 65064
