10 2.8 252.50976562500003 272.6562715995006 1275.7119140625 9.5869140625 0 0
20 4.2 171.0658191499256 106.36956496538646 1275.7119140625 8.06298828125 252.50976562500003 28
30 6.6 147.1418272076231 101.44629740792979 1275.7119140625 4.22509765625 203.64339773995536 70
40 5.7 155.30729594983555 95.3633738051471 1275.7119140625 4.22509765625 176.22351792279412 136
50 10.4 217.73696899414063 181.5834614241382 1276.473876953125 4.22509765625 170.04618811730893 193
60 15.2 354.55941611842104 298.39295544816974 1510.31884765625 4.22509765625 186.7459901751894 297
70 17.2 336.440597179324 325.22549989999146 1524.31591796875 3.873046875 243.55588047222994 449
80 22 820.2989945845173 435.1838445809076 1993.248046875 3.873046875 269.28240426227853 621
90 21.6 1636.936349374276 588.991936533953 3141.419921875 3.873046875 413.42467521458826 841
100 24.2 2645.9068966700033 587.692966803812 4256.657958984375 3.873046875 663.4516587703996 1057
110 21.8 5353.784376791856 905.489998739847 7166.091064453125 3.873046875 1032.7774228748676 1299
120 34.5 5058.366905853719 3514.5558812728 9028.505859375 1.93212890625 1653.7263457185745 1517
130 61.6 3154.712665508319 4430.220353890307 11177.2060546875 1.887939453125 2284.553946817729 1862
140 83.5 2547.357766595718 4410.293223471752 11177.2060546875 1.868896484375 2500.864588752113 2478
150 95.2 2283.3706013655483 4145.650713116641 11203.30712890625 1.868896484375 2512.5826097299005 3313
160 143.4 1478.908806496254 3578.8083482772313 11406.2919921875 1.7939453125 2461.4196948499794 4265
170 188.2 1125.7969565964152 3116.5973626517766 11406.2919921875 1.7939453125 2214.1972674242484 5699
180 215.2 956.0653670640685 2994.418424477198 11406.2919921875 1.7939453125 1943.9994854722654 7581
190 317.6 672.0250723043658 2583.588853570251 11754.02392578125 1.7939453125 1725.5638312223487 9733
200 384.3 571.5907756518546 2329.3261511363326 11754.02392578125 1.7939453125 1466.361794013927 12909
210 453.6 453.53139139272986 2119.424049012413 11776.442138671875 1.7939453125 1261.096451155436 16752
220 643.2 329.75112114142416 1849.7517909725964 11776.442138671875 1.760986328125 1089.0222726941604 21288
230 801.8 271.293466470461 1662.6836249846917 11900.253173828125 1.760986328125 912.8450704291099 27720
240 863.3 226.11694796900375 1544.6062298514237 11949.72998046875 1.760986328125 768.9097421919269 35738
250 1311.8 161.22267569861614 1359.4745341646492 12666.864990234375 1.760986328125 663.30179572855 44371
260 1404.2 159.82346367357317 1359.225345692683 13156.488037109375 1.760986328125 548.7359849377435 57489
270 972.2 248.87993615077286 1594.6813478830984 13156.488037109375 1.760986328125 472.38993044959875 71531
280 906.7 318.70699037589986 1858.4725420220873 15042.744873046875 1.760986328125 445.6467435571371 81253
