30 0.2 22031.762939453125 965.326904296875 22997.08984375 21066.43603515625 0 0
40 0 0 0 22997.08984375 21066.43603515625 22031.762939453125 2
50 0.2 35761.02282714844 10079.578979492188 45840.601806640625 21066.43603515625 22031.762939453125 2
60 0.5 37436.84096679687 3725.8369785572395 45840.601806640625 21066.43603515625 28896.39288330078 4
70 0.7 40632.265415736605 12326.469230440372 55291.14892578125 19522.216064453125 33641.086263020836 9
80 0.6 33496.78666178385 4052.7266907546823 55291.14892578125 19522.216064453125 36699.727142333984 16
90 0.8 46251.17349243164 18861.657804691768 77962.8291015625 19522.216064453125 35826.19792036577 22
100 0.8 47250.68859863281 21397.375723122776 85093.89184570313 19522.216064453125 38606.19140625 30
110 0.7 74692.39146205357 17024.417032163637 99135.89501953125 19522.216064453125 40426.0855520148 38
120 1.1 72509.77104048296 24095.04336522426 110319.93896484375 19522.216064453125 45756.3998046875 45
130 2 70124.87681884765 20849.27098680855 115686.9189453125 19522.216064453125 51011.52629743303 56
140 2 70640.68669433595 19293.1219372488 115686.9189453125 19522.216064453125 56041.355382015834 76
150 2.9 67541.95751111262 20169.267949037803 115686.9189453125 14340.1328125 59082.882738749184 96
160 2.9 64823.95512021821 26365.56951554862 116430.919921875 12348.323974609375 61045.3880859375 125
170 7.2 67277.49577161999 26757.813876450702 144841.23388671875 12105.33203125 61756.93642356179 154
180 7.6 59290.72830360814 27609.25520792642 144841.23388671875 10137.068115234375 63515.69869373962 226
190 11.6 58113.50198890423 30164.388990683223 176627.81298828125 10137.068115234375 62452.46111211713 302
200 17 58451.804734892015 28468.502138549353 176627.81298828125 10137.068115234375 61248.348054000635 418
210 18 59265.82552218967 30199.063610602316 176627.81298828125 7743.315185546875 60439.82362500664 588
220 26.2 54722.9217669072 28949.0321278763 176627.81298828125 7097.565185546875 60164.66781965891 768
230 34.3 54299.38575784666 27513.792609621236 176627.81298828125 7097.565185546875 58780.456687793914 1030
240 42.8 52257.63949442354 29841.221699605478 176627.81298828125 7097.565185546875 57661.004882279056 1373
250 51.6 49479.480533570284 25688.665366928504 176627.81298828125 7097.565185546875 56376.91804940723 1801
260 72.7 50052.63348447436 26766.04653275702 176627.81298828125 5896.2890625 54840.84650941074 2317
270 86.6 49839.08232698156 25922.377096425073 176627.81298828125 5896.2890625 53697.27526462468 3044
280 104.2 53603.271737653326 26023.61874871627 184102.03295898438 5896.2890625 52842.749667694 3910
