10 459.3390625 459.3390625
20 1071.55625 1530.8953125
30 1956.4390625 3487.334375
40 1526.38671875 5013.72109375
50 2497.12890625 7510.85
60 4072.9 11583.75
70 4172.7109375 15756.4609375
80 5322.053125 21078.5140625
90 5891.8890625 26970.403125
100 4888.74609375 31859.14921875
110 4904.8 36763.94921875
120 4839.865625 41603.81484375
130 5311.5640625 46915.37890625
140 5664.58359375 52579.9625
150 5529.02734375 58108.98984375
160 5491.459375 63600.44921875
170 6063.6421875 69664.09140625
180 5748.846875 75412.93828125
190 5913.8859375 81326.82421875
200 6480.221875 87807.04609375
210 6573.3078125 94380.35390625
220 7277.61640625 101657.9703125
230 7903.09375 109561.0640625
240 7729.1953125 117290.259375
250 9644.59453125 126934.85390625
260 9801.7203125 136736.57421875
270 8700.5 145437.07421875
280 7980.134375 153417.20859375
