10 11.8328125 11.8328125
20 21.0890625 32.921875
30 37.62890625 70.55078125
40 30.61171875 101.1625
50 56.18359375 157.34609375
60 78.5953125 235.94140625
70 92.62109375 328.5625
80 120.75234375 449.31484375
90 128.94140625 578.25625
100 147.1046875 725.3609375
110 135.4234375 860.784375
120 182.878125 1043.6625
130 255.9734375 1299.6359375
140 344.21875 1643.8546875
150 395.7265625 2039.58125
160 538.51640625 2578.09765625
170 687.934375 3266.03203125
180 781.09140625 4047.1234375
190 1056.07421875 5103.19765625
200 1266.00625 6369.20390625
210 1462.97265625 7832.1765625
220 1957.11953125 9789.29609375
230 2404.76015625 12194.05625
240 2562.2265625 14756.2828125
250 3759.80234375 18516.08515625
260 4083.3921875 22599.47734375
270 3000.24765625 25599.725
280 2792.42421875 28392.14921875
