10 0.8 260.464599609375 447.8284079413147 1047.075927734375 1.68505859375 0 0
20 1.5 1.6368977864583334 0.2409643392406404 1047.075927734375 1.10693359375 260.464599609375 8
30 0.7 1.7637416294642858 0.19707045397420955 1047.075927734375 1.10693359375 91.66392450747283 23
40 1.2 1.6184895833333333 0.18286543873907643 1047.075927734375 1.10693359375 70.68721516927083 30
50 1.8 1.64306640625 0.2538113278055029 1047.075927734375 1.10693359375 50.95329357328869 42
60 1.9 1.716103001644737 0.2750945428744584 1047.075927734375 1.10693359375 36.16022542317708 60
70 3.9 1.7727426382211537 1.2955251786883453 1047.075927734375 1.10693359375 27.876195980023734 79
80 4 1.565582275390625 0.24552185994081846 1047.075927734375 1.10693359375 19.248783434851696 118
90 3.8 1.5649735300164473 0.28199968847465373 1047.075927734375 1.10693359375 14.77202364764636 158
100 7.4 1.512754698057433 0.3646592946735434 1047.075927734375 1.055908203125 12.21147311463648 196
110 7.3 1.54859401755137 0.3520522318095026 1047.075927734375 1.00390625 9.279231770833333 270
120 7.8 1.671925080128205 0.46132427561569767 1047.075927734375 1.00390625 7.633935689231049 343
130 13.3 1.6570760397086466 0.7986757008143275 1047.075927734375 0.9580078125 6.529335148827197 421
140 16.1 1.556901446040372 0.3991463781207946 1047.075927734375 0.821044921875 5.359641174977437 554
150 15.9 1.5401096943789307 0.7297198563007014 1047.075927734375 0.821044921875 4.503359921328672 715
160 29.2 1.4355736301369852 0.41558629442553763 1047.075927734375 0.797119140625 3.964278930384726 874
170 32.3 1.758383169262771 1.5852118039141694 1047.075927734375 0.797119140625 3.3310182548509863 1166
180 33 3.822964754971587 4.297177838351394 1047.075927734375 0.797119140625 2.9898757883331935 1489
190 54 2.955707917390047 3.391376135345709 1047.075927734375 0.7861328125 3.1410134238420824 1819
200 60.4 2.6990138173892797 3.18495331394277 1047.075927734375 0.7861328125 3.098595037456284 2359
210 65.8 3.004623459465233 3.5671433729753885 1047.075927734375 0.7861328125 3.017141423915794 2963
220 116.9 3.1071530905822287 3.7037781795435767 1047.075927734375 0.60693359375 3.0148666874870536 3621
230 117 3.130535940838678 3.6536655031287606 1047.075927734375 0.60693359375 3.037389193795667 4790
240 126.5 3.127862717700101 3.6398113740170035 1047.075927734375 0.60693359375 3.0556747129299495 5960
250 225.1 3.403024762431974 4.070371162791175 1047.075927734375 0.60693359375 3.068313858401817 7225
260 181.6 10.064126842347536 80.95413349644409 1047.075927734375 0.59619140625 3.147823592991505 9476
270 18.8 1057.8139038085933 1378.0294071949472 7025.9931640625 0.59619140625 4.26011607446782 11292
280 26.1 1922.768315223898 3626.70611380888 15053.941162109375 0.59619140625 21.51343594328451 11480
