10 2.1 349.30967494419644 519.3461016495347 2202.56982421875 9.27294921875 0 0
20 4.3 217.82861895893896 103.79862553472843 2202.56982421875 7.27490234375 349.30967494419644 21
30 4 167.24666137695306 71.29027477329764 2202.56982421875 7.18798828125 260.97084045410156 64
40 5.8 154.497002963362 85.17390432211916 2202.56982421875 6.131103515625 224.9230792705829 104
50 8 170.3379333496094 89.71692734211724 2202.56982421875 6.131103515625 199.70880503713343 162
60 9.5 182.5289730674342 99.79011944605867 2202.56982421875 6.131103515625 189.9994259668775 242
70 14.4 182.83191596137146 92.98826100340882 2202.56982421875 6.131103515625 187.89351194477925 337
80 19.8 205.76058435921718 100.47696029975235 2202.56982421875 6.131103515625 186.37819007032869 481
90 21 225.42483375186012 116.87472017049016 2202.56982421875 6.131103515625 192.03019900876745 679
100 29.7 338.82231905644994 203.53191855062707 2202.56982421875 6.131103515625 199.9186954047736 889
110 33.2 1011.41989760801 579.2652504669679 3039.157958984375 6.131103515625 234.70316102412258 1186
120 33.4 1870.4003986655596 713.8403990698336 4294.238037109375 6.131103515625 404.5779677078187 1518
130 34.9 3196.226668830585 1101.2097009739723 6811.364990234375 6.131103515625 668.9325529885343 1852
140 62.8 2805.7372906921773 2852.926578017204 9629.239013671875 1.2939453125 1069.6711474587187 2201
150 73.1 2972.667597028362 3422.8686210683873 10729.23388671875 1.2939453125 1455.0545118809923 2829
160 118.3 1781.3280410057182 2992.605214817613 10729.23388671875 1.278076171875 1766.6767493087245 3560
170 151.5 1396.0786546965228 2803.492459920337 10870.97705078125 1.278076171875 1770.3310773874814 4743
180 180.7 1196.138660661015 2548.024639359987 10899.626953125 1.273193359375 1679.728261731233 6258
190 240.4 879.9039964723507 2244.192513331013 11272.719970703125 1.273193359375 1571.377808025854 8065
200 310.9 710.7070411444087 2026.0156210934615 11448.1689453125 1.242919921875 1412.59444352355 10469
210 356 590.0641035787198 1852.1790692668646 11448.1689453125 1.226806640625 1251.880941240684 13578
220 507.1 430.3547279509863 1565.9043384234926 11489.93115234375 1.226806640625 1114.4046930158856 17138
230 609.1 331.829023482392 1398.7167236233058 11801.18896484375 1.213134765625 958.2149783576791 22209
240 718.6 299.0604877594024 1317.709715761197 11801.18896484375 1.213134765625 823.398128493885 28300
250 989.2 229.66761085642904 1167.0516676137704 12389.994140625 1.210205078125 717.2185002935246 35486
260 1140.7 185.75094507912505 1007.0281561240479 12389.994140625 1.18115234375 610.9367470582179 45378
270 778.6 298.0933980562089 1276.4118541119417 12389.994140625 1.18115234375 525.525204517485 56785
280 700.5 378.3745925413213 1549.7930949735508 15058.73486328125 1.18115234375 498.1013757846561 64571
