10 2.3 318.92479407269025 399.0711334976389 1504.787841796875 9.27294921875 0 0
20 5.9 158.73725916975636 89.08209275568669 1504.787841796875 7.27490234375 318.92479407269025 23
30 5.3 126.20290849793632 59.22206200353066 1504.787841796875 3.843994140625 203.6679092035061 82
40 7.6 117.88521214535362 78.79393602358489 1504.787841796875 3.669921875 173.25572374131946 135
50 10 137.17458251953124 78.76896978741341 1504.787841796875 3.6201171875 153.31184278732226 211
60 11.9 144.92754152442228 88.64416208904761 1504.787841796875 3.6201171875 148.12301311922226 311
70 17.6 149.57652837579903 80.8269856020776 1504.787841796875 3.6201171875 147.2386849336846 430
80 24.5 166.2736786511479 90.12220498248075 1504.787841796875 3.6201171875 147.91766256703795 606
90 25.8 183.47015901314197 108.6669870881625 1504.787841796875 2.996826171875 153.20229704483694 851
100 37.3 272.9322473766338 177.65366679823342 1504.787841796875 2.996826171875 160.24387358931187 1109
110 41.2 831.0023661493101 406.8698160526527 1788.329833984375 2.996826171875 188.60606213362436 1482
120 42.9 1528.2306628104968 384.0103094465012 2591.30908203125 2.996826171875 328.34591284875773 1894
130 43.5 2708.3754355244255 595.8273848929431 3818.27099609375 2.996826171875 549.9346161348473 2323
140 79.9 2357.3928027099305 2214.4840538120543 5295.632080078125 1.22802734375 890.3703508826595 2758
150 89.7 2390.1338982045218 2596.603584109064 5797.3369140625 1.22802734375 1219.9039294629208 3557
160 146.7 1425.1386144595153 2273.0711455238657 5797.3369140625 1.22802734375 1455.5788917353088 4454
170 183.7 1160.698572448499 2202.2731152419533 5978.403076171875 1.22802734375 1448.0369415979014 5921
180 223.9 934.88356356772 1967.3714019020704 5978.403076171875 1.202880859375 1379.9987121408953 7758
190 300.5 715.9791180551946 1826.6600414886307 6168.97509765625 1.202880859375 1280.3075230186248 9997
200 386.9 555.885121581906 1594.901643566513 6168.97509765625 1.1708984375 1149.8809073506425 13002
210 447.1 472.6745118388818 1505.3427311224725 6168.97509765625 1.1708984375 1013.6607843502726 16871
220 636.2 337.44897368837974 1289.9535458614644 6168.97509765625 1.1708984375 900.3279371757609 21342
230 761.6 262.66948655072247 1176.4904412023025 6350.02392578125 1.162109375 771.0673262276408 27704
240 897.7 240.1548902425118 1121.7698872970868 6598.52490234375 1.162109375 661.4422427910777 35320
250 1243.1 180.78301664641964 986.8641488691036 6901.578857421875 1.162109375 576.066335532607 44297
260 1411.3 151.89359419839067 879.6212109746397 6901.578857421875 1.158935546875 489.44655452368386 56728
270 978.8 238.12086637097093 1090.1113760237265 8338.279052734375 1.158935546875 422.19898702645963 70841
280 890.4 300.4884579942123 1334.709996716561 15058.73486328125 1.158935546875 399.8527264381363 80629
