30 0.1 19055.260009765625 0 19055.260009765625 19055.260009765625 0 0
40 0.5 24191.14794921875 4124.3782874745975 30684.157958984375 18098.21484375 19055.260009765625 1
50 0.4 31322.64044189453 5553.144047358311 38142.852783203125 18098.21484375 23335.166625976563 6
60 0.4 37585.00476074219 5302.823893074782 44996.208984375 18098.21484375 26530.15615234375 10
70 0.3 35785.45743815104 8385.89587477171 44996.208984375 18098.21484375 29688.684326171875 14
80 0.7 45447.71836635045 12260.348450342255 62134.324951171875 18098.21484375 30764.585463579962 17
90 0.8 33721.11575317383 17196.056530675956 73035.9541015625 16287.577880859375 35047.16589355469 24
100 1.5 40379.18274739583 16449.854214266663 85617.49194335938 16287.577880859375 34715.65335845947 32
110 1.7 53894.729678883275 22901.702573125844 96895.8740234375 16287.577880859375 36523.162737907245 47
120 1.8 51304.52650282118 23211.786076477943 109385.953125 16287.577880859375 41137.485206604004 64
130 1.7 56451.2380658318 17734.00805137767 109385.953125 16287.577880859375 43369.27475943216 82
140 3 63082.699487304686 20121.12535612873 130602.82202148438 16287.577880859375 45615.67249891493 99
150 3.4 65250.21821863511 26682.66198204302 138087.85595703125 16287.577880859375 49677.77179854045 129
160 5 58673.844584960934 22964.776660261497 138087.85595703125 16287.577880859375 52926.01215610621 163
170 4.3 61267.576989462206 24966.04937283016 138087.85595703125 15958.64404296875 54275.268594804504 213
180 8.8 57349.14375721325 25788.531552388544 138087.85595703125 11486.245849609375 55449.757895469666 256
190 11 60472.96585138494 26330.179893357672 138087.85595703125 5832.02001953125 55935.647301962206 344
200 13.8 53760.8519623245 24998.521691415193 138087.85595703125 4770.198974609375 57034.99761129371 454
210 18.5 54044.73224371834 25535.813987265297 147106.8681640625 4770.198974609375 56271.7677133921 592
220 25.6 53700.00639152527 27706.79761860358 164613.78784179688 4770.198974609375 55741.52117299358 777
230 32.9 52109.61503327433 25225.359069005175 164613.78784179688 4770.198974609375 55235.58914583396 1033
240 47.2 51387.236834509895 26507.995453324125 164613.78784179688 4770.198974609375 54480.489672242096 1362
250 55.6 51704.879286512216 26212.751745917616 164613.78784179688 4454.47607421875 53684.407153480046 1834
260 65.4 51917.25993846464 27189.703670743016 164613.78784179688 4454.47607421875 53223.8977417503 2390
270 83.3 50601.038891337805 26267.054941644237 164613.78784179688 4454.47607421875 52943.16806916527 3044
280 97.9 52820.72512508778 26577.593999801782 164613.78784179688 4454.47607421875 52439.94557622479 3877
