10 9.8171875 9.8171875
20 31.3046875 41.121875
30 29.89921875 71.02109375
40 41.22109375 112.2421875
50 53.26796875 165.51015625
60 61.359375 226.86953125
70 90.98828125 317.8578125
80 127.57890625 445.43671875
90 137.359375 582.79609375
100 198.2328125 781.02890625
110 233.62421875 1014.653125
120 241.13046875 1255.78359375
130 263.38984375 1519.1734375
140 386.39375 1905.5671875
150 413.83046875 2319.39765625
160 611.43515625 2930.8328125
170 744.79296875 3675.62578125
180 924.16796875 4599.79375
190 1125.14609375 5724.93984375
200 1414.49296875 7139.4328125
210 1608.6640625 8748.096875
220 2126.73359375 10874.83046875
230 2522.09453125 13396.925
240 2931.1515625 16328.0765625
250 3821.85234375 20149.92890625
260 4361.23828125 24511.1671875
270 3248.5921875 27759.759375
280 2971.3359375 30731.0953125
