10 426.43125 426.43125
20 1582.93984375 2009.37109375
30 1583.5 3592.87109375
40 2009.2359375 5602.10703125
50 2408.5203125 8010.62734375
60 2895.4515625 10906.07890625
70 4145.74453125 15051.8234375
80 6424.23671875 21476.06015625
90 6751.284375 28227.34453125
100 8882.69375 37110.03828125
110 9744.63359375 46854.671875
120 9834.90859375 56689.58046875
130 9618.73984375 66308.3203125
140 9875.9859375 76184.30625
150 10681.4328125 86865.7390625
160 9898.8359375 96764.575
170 10389.8578125 107154.4328125
180 10274.865625 117429.2984375
190 11199.45859375 128628.75703125
200 11036.8703125 139665.62734375
210 11223.09296875 150888.7203125
220 12124.7109375 163013.43125
230 11967.21640625 174980.64765625
240 13657.678125 188638.32578125
250 14486.340625 203124.66640625
260 14913.2828125 218037.94921875
270 12897.21796875 230935.1671875
280 13182.415625 244117.5828125
