10 0.8 133.28955078125 339.5851139048567 1031.711181640625 2.1259765625 0 0
20 1.2 4.299479166666667 2.739481449045743 1031.711181640625 1.947021484375 133.28955078125 8
30 0.9 3.6483289930555554 2.6852831657907807 1031.711181640625 1.93798828125 55.8955078125 20
40 2.3 4.309825067934783 2.6687687587188105 1031.711181640625 1.824951171875 39.680866109913794 29
50 3.3 4.222079190340909 2.7050028284421264 1031.711181640625 1.81591796875 24.035982572115383 52
60 0.5 2.514208984375 0.8941978852888854 1031.711181640625 1.81591796875 16.34352596507353 85
70 4.2 4.729840959821428 3.954351897180078 1031.711181640625 1.7529296875 15.575230577256944 90
80 2.8 3.6334054129464284 2.189845818801613 1031.711181640625 1.7529296875 12.124424789891098 132
90 3.7 4.67699535472973 3.0473435396493347 1031.711181640625 1.7529296875 10.638496398925781 160
100 4.7 3.400125706449468 2.587959161760567 1031.711181640625 1.7529296875 9.518823613975254 197
110 6.5 4.080889423076921 3.2409893222746873 1031.711181640625 1.743896484375 8.340221967853484 244
120 7.2 5.2187533908420125 3.39273973383798 1031.711181640625 1.743896484375 7.444245866201456 309
130 11.5 4.294696841032608 3.1675765466451695 1031.711181640625 1.68505859375 7.023680359046916 381
140 16.4 4.231558450838413 3.0614313231003334 1031.711181640625 1.59912109375 6.3909523256363405 496
150 15.6 4.145129081530452 2.7450391331787927 1031.711181640625 1.59912109375 5.854375665838068 660
160 25.8 4.265445206516473 3.0101483435166227 1031.711181640625 1.533935546875 5.527607936485141 816
170 26.8 60.203080362348416 377.6132995678224 3016.467041015625 1.52783203125 5.224406833755237 1074
180 14.6 1724.6481130939642 2400.977721037174 7021.47705078125 1.493896484375 16.203754453474293 1342
190 15.4 3463.1611724457184 4853.13543367068 15045.015869140625 1.35009765625 183.8333756641675 1488
200 17 5294.846883616727 6125.4190993148 31060.09619140625 1.35009765625 491.3951787727904 1642
210 18.8 7325.189325860206 7676.669278598155 31077.155029296875 1.35009765625 942.0501400440206 1812
220 21.3 6766.011890680018 8876.700965215756 31078.869140625 1.35009765625 1542.0652235107423 2000
230 22.2 6009.672391874298 8474.154393766952 63122.291015625 1.35009765625 2044.8671395103154 2213
240 24.9 5788.896838329879 8865.095074109075 63159.15087890625 1.35009765625 2406.3401440379557 2435
250 23.3 8598.579009354873 13370.717049332277 63159.15087890625 1.35009765625 2720.1466331879888 2684
260 35.1 11946.009702329287 17475.80027858087 63166.005126953125 1.35009765625 3189.6957396833204 2917
270 26.5 20057.390417710798 17380.845350511096 63166.005126953125 1.35009765625 4130.168873370204 3268
280 26.9 28217.777174939016 19239.470795330086 63166.005126953125 1.35009765625 5324.823192433396 3533
290 26.3 28344.3077452917 18683.733489001075 63166.005126953125 1.35009765625 6944.550867681689 3802
300 23.4 47659.29250342214 21692.511298215042 63175.2509765625 1.35009765625 8329.08618350246 4065
