10 0.5 1294.261376953125 701.8773284160754 2577.81787109375 569.970947265625 0 0
20 0.4 10152.813720703125 1383.299578725554 11939.93212890625 569.970947265625 1294.261376953125 5
30 1.1 9514.247913707386 4633.59793694081 15767.85986328125 569.970947265625 5231.395751953125 9
40 0.6 10797.876627604166 3167.533089047083 17623.64599609375 569.970947265625 7586.964440917969 20
50 0 0 0 17623.64599609375 569.970947265625 8327.944176307092 26
60 0 0 0 17623.64599609375 569.970947265625 8327.944176307092 26
70 4.4 10.67232998934659 18.186712815133316 17623.64599609375 1.571044921875 8327.944176307092 26
80 10.3 6.152964767900485 7.186289765977995 17623.64599609375 1.465087890625 3099.9447300502234 70
90 14.9 5.7735718592701355 6.884125424469038 17623.64599609375 1.455810546875 1257.976222396586 173
100 18.1 9.94343760790746 20.004514093630714 17623.64599609375 1.453857421875 678.540834415033 322
110 32.6 7.396426709883052 11.097253764834795 17623.64599609375 1.431884765625 437.9521091226081 503
120 36.6 11.098778896644466 20.57679398600745 17623.64599609375 1.421875 268.63829432580667 829
130 52.8 11.589829415986033 28.075491718311685 17623.64599609375 1.421875 189.7600829056616 1195
140 71.8 10.517462515233293 16.824570452072262 17623.64599609375 1.4189453125 135.16118920714231 1723
150 83.2 10.37127069326548 17.58989619662896 17623.64599609375 1.4189453125 98.49826591144765 2441
160 112.1 14.345594013088208 22.827660089529452 17623.64599609375 1.4140625 76.09629218045846 3273
170 102.8 344.982279142981 1111.2744326125624 17623.64599609375 1.364990234375 60.342415838714714 4394
180 96 1168.5844187418604 3020.64392246843 17623.64599609375 1.364990234375 114.30954595247084 5422
190 95.4 1715.9096654096245 4360.5914630583475 24083.2119140625 1.364990234375 272.89680353282404 6382
200 102.2 1762.650515084164 5070.545434643849 32735.2900390625 1.3359375 460.55142052171004 7336
210 98 2155.622748176421 5764.085172090706 32735.2900390625 1.3359375 619.7695677630151 8358
220 99 2700.3211169310302 7090.9101828683615 45964.9111328125 1.3359375 780.953559710449 9338
230 94.3 2559.8358347175717 6937.05504305618 45964.9111328125 1.3359375 964.93631354937 10328
240 104.2 2794.528025797371 6861.494070920946 45964.9111328125 1.3359375 1098.3752496208467 11271
250 101.7 3686.2199325336487 9880.600712386875 71312.94189453125 1.3359375 1241.9138829982476 12313
260 99.8 3533.6148106760406 10524.466528125024 79053.73291015625 1.3359375 1428.3999484429212 13330
270 107.5 5794.886620866643 13574.30249948849 84443.47705078125 1.3359375 1575.0362153684275 14328
280 106.1 6676.484306659031 16205.83732242442 91128.0439453125 1.3359375 1869.546322874146 15403
290 112 7683.535217939111 18615.39138973521 122076.83520507813 1.3359375 2179.322877830157 16464
300 107 9430.203077769049 21321.10440913667 122076.83520507813 1.3359375 2529.9096510855043 17584
