10 1 880.68359375 466.8284106559657 1618.708984375 184.3359375 0 0
20 0.6 9750.538330078125 866.1410388649059 11222.7890625 184.3359375 880.68359375 10
30 1.8 6413.940782335069 1716.0424423896343 11222.7890625 184.3359375 4206.879119873047 16
40 0.6 9357.891438802084 861.9971023426446 11222.7890625 184.3359375 5375.323529411765 34
50 0 0 0 11222.7890625 184.3359375 5972.708715820312 40
60 0 0 0 11222.7890625 184.3359375 5972.708715820312 40
70 5.9 7.94300764698093 16.048885017626446 11222.7890625 1.4150390625 5972.708715820312 40
80 12.6 5.018932524181547 6.3683467248899825 11222.7890625 1.4150390625 2417.9493543836807 99
90 17.4 4.935809256016526 6.473410971793521 11222.7890625 1.413818359375 1066.7083181423611 225
100 21.7 8.282333444340429 17.783456404671544 11222.7890625 1.413818359375 603.6797052445567 399
110 40.2 5.9862297399720195 10.183260862089748 11222.7890625 1.39599609375 393.93744926948045 616
120 47.1 8.608501588209927 17.220821211810872 11222.7890625 1.39599609375 240.7386376281618 1018
130 66.7 9.159613796617318 25.040516532254287 11222.7890625 1.39599609375 167.31130782640403 1489
140 89.3 8.44313792605683 14.779784785537862 11222.7890625 1.39208984375 118.38404441366389 2156
150 103.5 8.321773333710757 14.65826210041312 11222.7890625 1.39208984375 86.18423152634571 3049
160 140.4 11.459600986578513 20.139754443426046 11222.7890625 1.39208984375 66.45170355637089 4084
170 127.5 289.04518056832086 1011.9358078763381 11222.7890625 1.364990234375 52.38302425462371 5488
180 121.9 973.7727084828755 2747.3957532515924 12681.64599609375 1.364990234375 96.99994711429602 6763
190 120.4 1381.3956473214278 3854.956511545154 24081.638916015625 1.35107421875 230.89947055557622 7982
200 128.8 1414.660614582321 4378.635352897719 24521.635986328125 1.3359375 381.6938747386902 9186
210 122.6 1785.5281452720355 5181.779797309114 24521.635986328125 1.3359375 508.71899989799863 10474
220 125.5 2115.5006658911266 6084.155726366939 39214.35693359375 1.3359375 642.5111376953123 11700
230 118.6 2068.445320116529 6119.61813050053 39261.407958984375 1.3359375 785.2052216695112 12955
240 130.9 2598.5450975667254 6662.550316544966 41182.28515625 1.3359375 892.8300541960767 14141
250 128.8 3416.5146922235904 9835.501349896354 76208.4580078125 1.3359375 1037.3466232428198 15450
260 125.6 3675.6897443054604 10945.981372971837 84438.8271484375 1.3359375 1220.4251554956115 16738
270 141.5 6119.409172785997 13741.052231299687 84443.47705078125 1.3359375 1391.8051890370791 17994
280 140.4 7005.254679883647 16795.02996341711 111751.19409179688 1.3359375 1736.4679556404446 19409
290 144.3 7578.934190650987 18510.790512009826 111751.19409179688 1.3359375 2091.8889214232468 20813
300 138 9581.571239349807 21804.752038270464 113766.96118164063 1.3359375 2447.649449977148 22256
