100 0.4 20499.481506347656 6999.278620692519 28560.73095703125 9997.43798828125 0 0
110 1 29494.557397460936 8207.38805771123 38447.493896484375 9997.43798828125 20499.481506347656 4
120 1.4 29524.99684361049 13301.516759646196 51807.89013671875 4973.35302734375 26924.535714285714 14
130 3 37170.16170247396 15408.850761130603 62764.885009765625 4973.35302734375 28224.766278948104 28
140 2.7 36477.135000723385 18643.45935720225 72368.13696289063 4973.35302734375 32851.69494628906 58
150 4 45983.33021850586 20772.450023026777 80962.02099609375 4973.35302734375 34003.30531652114 85
160 5.3 40536.73652159494 16688.426922522252 85366.92407226563 4973.35302734375 37836.91328515625 125
170 7.9 48323.02532572687 22174.925143802608 101047.921875 4973.35302734375 38640.793237579004 178
180 8.3 42221.51011565793 20808.58063053853 106882.93701171875 4973.35302734375 41617.04356817698 257
190 9.9 49793.819025213066 18772.978612471565 108277.3330078125 4973.35302734375 41764.6045194738 340
200 11 54018.261829723 22400.030307502257 125003.98388671875 4973.35302734375 43575.29298432161 439
210 11.7 57468.9604972122 19546.98052482364 135756.92700195313 4973.35302734375 45667.69111363701 549
220 12.1 63155.02824767562 20359.30513199635 135756.92700195313 4973.35302734375 47740.88708642725 666
230 10.7 68398.78591148874 20518.557311632278 145501.89697265625 4973.35302734375 50110.78680753405 787
240 14.2 74181.59715077572 24653.12595475372 154480.416015625 4973.35302734375 52299.61891505436 894
250 10.7 73412.91578289279 22245.418072681347 154480.416015625 4973.35302734375 55298.88620218991 1036
260 9.8 79835.07582808513 28032.24553801049 154480.416015625 4973.35302734375 56994.60025742632 1143
270 10.9 79462.45028042574 28723.231245634255 162657.80102539063 4973.35302734375 58798.280036575845 1241
280 13.5 79016.97004304113 27787.143625129484 162657.80102539063 4973.35302734375 60466.72044885706 1350
290 14.6 84260.02376023387 30091.466934615568 184160.98486328125 4973.35302734375 62153.10677560106 1485
300 10.8 80076.58236807364 28223.543824993685 184160.98486328125 4973.35302734375 64132.021478088114 1631
