10 97.30546875 97.30546875
20 55.01796875 152.3234375
30 154.65703125 306.98046875
40 92.696875 399.67734375
50 0 399.67734375
60 0 399.67734375
70 21.61796875 421.2953125
80 46.1671875 467.4625
90 63.52578125 530.98828125
100 79.51015625 610.4984375
110 147.2953125 757.79375
120 171.4328125 929.2265625
130 244.1640625 1173.390625
140 324.45390625 1497.84453125
150 378.31484375 1876.159375
160 505.278125 2381.4375
170 460.07109375 2841.50859375
180 439.509375 3281.01796875
190 434.37109375 3715.3890625
200 466.15078125 4181.53984375
210 444.5828125 4626.12265625
220 452.690625 5078.81328125
230 427.2 5506.01328125
240 457.0890625 5963.10234375
250 442.24765625 6405.35
260 432.175 6837.525
270 443.21484375 7280.73984375
280 466.3859375 7747.12578125
290 490.24296875 8237.36875
300 456.8828125 8694.2515625
