10 6.7984375 6.7984375
20 4.11484375 10.91328125
30 11.46484375 22.378125
40 7.9921875 30.3703125
50 6.9109375 37.28125
60 1.21953125 38.50078125
70 14.003125 52.50390625
80 20.62265625 73.1265625
90 27.96484375 101.09140625
100 34.625 135.71640625
110 65.925 201.64140625
120 77.03984375 278.68125
130 109.36171875 388.04296875
140 145.4 533.44296875
150 168.721875 702.16484375
160 230.09453125 932.259375
170 233.1375 1165.396875
180 197.09453125 1362.49140625
190 198.32890625 1560.8203125
200 213.87265625 1774.69296875
210 207.8296875 1982.52265625
220 210.3671875 2192.88984375
230 202.86875 2395.75859375
240 219.3421875 2615.10078125
250 212.44921875 2827.55
260 233.27265625 3060.82265625
270 222.315625 3283.13828125
280 230.16015625 3513.2984375
290 236.503125 3749.8015625
300 219.009375 3968.8109375
