10 1 121.2546142578125 314.61374604360327 1056.4560546875 1.296875 0 0
20 0.4 1.231201171875 0.051769902958431736 1056.4560546875 1.1708984375 121.2546142578125 10
30 0.8 1.32989501953125 0.1285604259701988 1056.4560546875 1.06005859375 86.96221051897321 14
40 2.4 1.4071858723958333 0.22497686278919812 1056.4560546875 1.030029296875 55.82318670099432 22
50 2 1.19459228515625 0.18141852264224465 1056.4560546875 0.949951171875 27.432229746942934 46
60 1.3 1.2356144831730769 0.10644304946027042 1056.4560546875 0.949951171875 19.481430516098484 66
70 3.4 1.2659912109375 0.40786338322783283 1056.4560546875 0.949951171875 16.47895446004747 79
80 5.2 1.1000084510216348 0.12762669780042563 1056.4560546875 0.889892578125 11.901602685978983 113
90 3.8 1.1749910053453945 0.3450653946945898 1056.4560546875 0.889892578125 8.497463896780303 165
100 8.4 1.2553827194940472 0.2408544647816749 1056.4560546875 0.889892578125 7.126754685575739 203
110 8.2 1.146252143673781 0.3148275570154536 1056.4560546875 0.8798828125 5.408304354039634 287
120 7.4 1.2349688555743246 0.9772303410844058 1056.4560546875 0.8798828125 4.461181640625 369
130 12.7 1.2324757012795278 0.5274856825051386 1056.4560546875 0.680908203125 3.9222657352215013 443
140 17.1 1.0490694101790923 0.14047686757617814 1056.4560546875 0.680908203125 3.322961639939693 570
150 15.5 1.0577479208669351 0.22654834788390182 1056.4560546875 0.680908203125 2.7982172792257085 741
160 30.2 1.374168951779802 1.1875867888960796 1056.4560546875 0.680908203125 2.4971316201346263 896
170 18.5 33.78336544552365 176.66788692235258 1056.4560546875 0.597900390625 2.21404754180144 1198
180 13.1 612.3183668296756 1871.0730347739932 15033.37109375 0.597900390625 6.436985945408532 1383
190 14.2 677.6117717044456 2008.9472841320403 15036.453857421875 0.575927734375 58.861332640150266 1514
200 15.1 1725.646351795323 5298.527323152982 31076.283935546875 0.575927734375 111.91843550677461 1656
210 16.9 2526.0205901557883 6595.456188277906 31079.303955078125 0.575927734375 246.76786293321112 1807
220 17.8 1137.7542724609373 4301.998997531839 31079.35595703125 0.501953125 441.7039514456684 1976
230 16.1 1058.026485466809 3803.5535385555177 31079.5810546875 0.501953125 499.2234301553795 2154
240 16.5 2690.9924508759477 7898.6127985580715 63156.39111328125 0.501953125 538.0861912375135 2315
250 17.8 3227.463483146066 11549.786200584947 63163.5830078125 0.47412109375 681.3239060924899 2480
260 18.1 6011.911758675758 12564.690973233719 63163.5830078125 0.47412109375 851.8328770163187 2658
270 22.2 17686.062652862816 11564.829653297806 63163.5830078125 0.47412109375 1180.8128972982345 2839
280 20.5 34490.57797970654 18259.069252298046 63164.845947265625 0.47412109375 2377.861393128139 3061
290 19.7 45513.154596783796 20067.12119666917 63164.845947265625 0.47412109375 4393.509556094634 3266
300 18.2 53411.530184902986 18401.836185496406 63164.845947265625 0.47412109375 6732.686591328757 3463
310 17 55098.53353917739 16926.609017403105 63174.833984375 0.47412109375 9063.427204231502 3645
320 17.2 53674.77204646623 21972.189915964213 63174.833984375 0.47412109375 11114.794983246129 3815
330 14.3 32310.689757020322 28672.98664440832 63174.833984375 0.47412109375 12950.841146996783 3987
340 16 37284.577616882314 28474.198329095998 63174.833984375 0.47412109375 13621.170045600504 4130
350 12.7 16855.34932101993 24083.096575940588 63174.833984375 0.47412109375 14503.721376930362 4290
360 16.3 16241.76662852282 20911.92307301046 63174.833984375 0.47412109375 14571.336669866601 4417
