10 2 185.18974609375 230.11032290556597 1144.391845703125 6.52001953125 0 0
20 2.2 128.95444557883522 64.31375203457266 1144.391845703125 6.505859375 185.18974609375 20
30 2.4 128.62010701497397 65.4042805792139 1144.391845703125 5.409912109375 155.73316010974702 42
40 9.3 178.9034909484207 105.78534209476776 1144.391845703125 5.10400390625 145.8738680752841 66
50 9.1 213.71668956043956 123.18760525499883 1144.391845703125 5.0048828125 165.19308145391116 159
60 9.4 180.95934279421547 85.72672249453795 1144.391845703125 4.843994140625 182.8556748046875 250
70 13.9 244.56411940759892 149.06482539547378 1144.391845703125 4.843994140625 182.3374910576399 344
80 16.5 681.0624615293564 530.2673528669505 2484.464111328125 4.843994140625 200.245361328125 483
90 17.7 2341.8054613016398 729.3389044211622 4681.205078125 4.843994140625 322.6756414719571 648
100 18.3 3004.8069154499644 1381.6296357429849 6086.027099609375 0.81005859375 755.8707664535981 825
110 37.2 2667.284425797003 2887.4446786378967 9279.90087890625 0.68408203125 1164.15976969401 1008
120 38.1 2752.8614376999262 3197.5661657292026 9922.830078125 0.649169921875 1569.349894382643 1380
130 54.5 1960.5459638403097 3063.5587274960035 10159.657958984375 0.649169921875 1825.407758098648 1761
140 72.3 1489.935987543763 2804.623051162944 10196.594970703125 0.64501953125 1857.3463192995175 2306
150 88.4 1152.648261298962 2575.6192804830653 10201.208984375 0.64404296875 1769.6481780451727 3029
160 120 914.6805281575524 2280.5923422613655 10549.255859375 0.61083984375 1630.2594925344008 3913
170 92.5 1578.6697632495793 2804.2508361376654 10703.011962890625 0.61083984375 1462.3160626004642 5113
180 91.4 2660.428780920921 4482.825879108802 18021.2021484375 0.61083984375 1480.141033302755 6038
190 97.5 2551.375769230768 4472.483895486925 24548.800048828125 0.61083984375 1635.3169540914496 6952
200 101.8 2470.7254132643693 4477.528585734143 26683.5419921875 0.61083984375 1747.9897615546558 7927
210 104.1 2691.0178257835023 5357.677951570885 44569.37890625 0.593017578125 1830.241845785007 8945
220 101.4 2587.3416699892878 4661.542326357437 44569.37890625 0.593017578125 1919.9742506696891 9986
230 94.5 2643.571689763144 4690.916663727607 44569.37890625 0.593017578125 1981.4933927778775 11000
240 97.5 2583.9793757512057 5010.951878570199 64817.784912109375 0.593017578125 2033.8721278679634 11945
250 99.2 2827.014313728577 5752.759331813165 70658.64282226563 0.593017578125 2075.3856392213816 12920
260 98.9 2886.453028973001 6264.511268371803 72155.40307617188 0.593017578125 2128.9807833495543 13912
270 98.5 4043.096233294337 10253.791796112477 104718.45288085938 0.593017578125 2179.2552649898194 14901
280 102.9 5047.906948493685 11498.241320783533 104777.22314453125 0.593017578125 2294.821383193266 15886
290 102.3 8452.21606755559 18591.647714248345 105706.45776367188 0.593017578125 2462.3014332490816 16915
300 106.2 10342.491698529077 22745.744177613687 115137.19018554688 0.593017578125 2803.904882401471 17938
310 96.4 10257.04421883105 23741.45871050844 121696.76196289063 0.593017578125 3225.2722086502877 19000
320 101.9 11788.414346891484 25389.636973614222 121696.76196289063 0.593017578125 3564.814796198587 19964
330 97.7 10808.139634193887 25047.818674982915 121696.76196289063 0.593017578125 3964.178468798123 20983
340 103.6 9390.040107874333 23657.970935443183 121696.76196289063 0.593017578125 4268.666176384264 21960
350 97.5 9370.144145382605 23907.368460274578 169904.93017578125 0.593017578125 4499.390797754229 22996
360 101.6 7743.377383494938 22481.89657211689 180219.53588867188 0.593017578125 4697.504539940107 23971
