10 2.5 148.13230468750004 207.82342981020344 1144.391845703125 6.52001953125 0 0
20 2.5 113.469560546875 63.89749322716949 1144.391845703125 6.505859375 148.13230468750004 25
30 2.9 106.43049568965517 50.78197833770245 1144.391845703125 5.409912109375 130.80093261718753 50
40 11.3 147.22120869054203 89.06713929510056 1144.391845703125 3.85693359375 121.85482285897946 79
50 11.4 170.58263303522472 107.52796669479822 1144.391845703125 1.85302734375 136.78399785359701 192
60 11.3 150.52082757190271 80.89775047031922 1144.391845703125 1.85302734375 149.37564625459555 306
70 17.3 196.86457674765174 126.70656870769501 1144.391845703125 1.85302734375 149.68448990341585 419
80 21.3 587.2221358751468 406.43477027488746 1587.385986328125 1.85302734375 163.47191393053208 592
90 21.6 1962.6932271321614 324.89187236270965 2618.262939453125 1.85302734375 275.59464346370345 805
100 25.2 2424.174247620596 881.0727693539891 3736.078125 0.630126953125 632.5126592055124 1021
110 45.1 2184.1147926482827 2166.2736278739508 5187.30810546875 0.630126953125 987.1856523560238 1273
120 47.9 2224.662343831549 2418.4448454370454 5434.87109375 0.621826171875 1300.303426295588 1724
130 69.8 1527.9361981498464 2283.806510247869 5455.766845703125 0.621826171875 1501.2875032359989 2203
140 89.8 1180.3440661865784 2059.838761783782 5455.766845703125 0.60302734375 1507.699357441399 2901
150 110.9 928.0129583855806 1937.5141537789716 5709.359130859375 0.60302734375 1430.3197703008805 3799
160 149.5 734.9517040852312 1797.083731205832 5709.359130859375 0.60302734375 1316.8197184642736 4908
170 118.6 1348.143623647961 2374.1490430324525 8988.94091796875 0.60302734375 1180.9626699719 6403
180 115.3 2076.848183915603 3675.3157696771445 16470.156005859375 0.60302734375 1207.0895129103383 7589
190 124.1 2017.2900709325888 3658.527222180998 24547.920166015625 0.5869140625 1321.8037370774705 8742
200 128.9 1958.9793179366272 3630.3877448299027 26682.7119140625 0.5869140625 1408.2605677209847 9983
210 130.4 2115.00393433366 4575.417692922037 44569.37890625 0.5869140625 1471.2375433267302 11272
220 126 2090.0129973880867 3939.164457439741 44569.37890625 0.5869140625 1537.9894019362275 12576
230 120.4 2125.6272789837876 4190.75167307489 59317.86083984375 0.5869140625 1588.2604145315831 13836
240 122.3 2044.516074354494 4033.9845074250006 59317.86083984375 0.5869140625 1631.2783470316133 15040
250 123.5 2270.851222086916 4874.697225174756 70658.64282226563 0.5869140625 1662.3543933032659 16263
260 124.8 2314.352422274074 5763.681170119914 72155.40307617188 0.5869140625 1705.3017920658563 17498
270 125.6 3234.5100317305073 8941.265629079939 104718.45288085938 0.5869140625 1745.8488520519788 18746
280 131.4 4461.713905833807 11091.959680009759 104777.22314453125 0.5869140625 1839.327426278368 20002
290 129.5 7658.636680290781 18388.994601217102 107699.51000976563 0.5869140625 2000.981387346854 21316
300 135.6 10038.437128387719 22313.244410812338 109761.59912109375 0.5869140625 2325.0123282323693 22611
310 120.7 9165.526879943485 22510.438466381554 121696.76196289063 0.5869140625 2761.4208912152476 23967
320 130.2 9353.612134051587 22861.385555841676 121696.76196289063 0.5869140625 3068.474038446319 25174
330 122.1 10027.554283198333 24678.336121942157 121696.76196289063 0.5869140625 3377.5558408514426 26476
340 131.5 7691.441688450566 20998.986376185152 121764.68505859375 0.5869140625 3670.7156811989735 27697
350 122.2 8004.047978427719 21943.04705373822 169904.93017578125 0.5869140625 3852.9593975761913 29012
360 125.1 5329.618468506444 16266.028543857412 169904.93017578125 0.5869140625 4020.7383962465815 30234
