40 0.2 20133.469970703125 8243.50390625 28376.973876953125 11889.966064453125 0 0
50 0.3 39038.10196940104 2076.808366708168 41886.85498046875 11889.966064453125 20133.469970703125 2
60 0.2 48012.74450683594 1719.0775146484375 49731.822021484375 11889.966064453125 31476.249169921874 5
70 0.4 35084.50549316406 14968.688623029024 59898.4619140625 11889.966064453125 36200.962123325895 7
80 1 42586.617456054686 16875.546821230335 78179.7998046875 11889.966064453125 35794.97789417614 11
90 0.8 50255.17239379883 18917.722006218075 80231.89111328125 11889.966064453125 39029.09197126116 21
100 0.7 48034.67543247768 12968.098895650895 80231.89111328125 11889.966064453125 42125.94174299569 29
110 1.2 67266.76961263022 15054.7960306643 92259.93310546875 11889.966064453125 43274.86218261719 36
120 2.2 60601.19606711648 21384.346648622173 107503.82080078125 11889.966064453125 49272.839040120445 48
130 2.7 57304.474636501734 18949.38952556605 107503.82080078125 11889.966064453125 52833.17982003348 70
140 2.2 51328.75163130327 20205.336070925074 107503.82080078125 11889.966064453125 54077.76703698856 97
150 3.5 50319.261962890625 16817.922281577845 107503.82080078125 11889.966064453125 53569.545701483716 119
160 6.4 61333.814823150635 26487.86953878232 134785.45190429688 4139.390869140625 52830.84485180347 154
170 7.4 55958.57769280511 26310.44775923728 139573.04907226563 4139.390869140625 55327.12961403383 218
180 9.2 59134.22942849864 25449.246758699926 139573.04907226563 4139.390869140625 55487.1541271471 292
190 10.8 58626.92946370443 24464.31455315988 139573.04907226563 4139.390869140625 56360.93258476257 384
200 11 64839.66925159801 25472.55410387076 163835.80322265625 4139.390869140625 56858.34653379859 492
210 12.1 69410.75564751746 24157.933369971182 163835.80322265625 4139.390869140625 58316.72776130347 602
220 12.6 73946.82015749006 24594.274175676754 163835.80322265625 4139.390869140625 60173.404627460994 723
230 13.7 75293.1331350507 26686.325571882124 163835.80322265625 4139.390869140625 62217.515766193224 849
240 12.1 79366.06297012202 26399.936129543887 163835.80322265625 4139.390869140625 64034.310471602425 986
250 11.5 80082.9595681895 27068.12473588418 163835.80322265625 4139.390869140625 65710.1388838164 1107
260 13.2 80011.565633138 28635.369898678495 163835.80322265625 4139.390869140625 67062.73657506263 1222
270 11.5 83908.1282481318 28281.853869872386 166598.94995117188 4139.390869140625 68325.10395738608 1354
280 12 82755.16818033854 31992.64006500872 169648.75512695313 4139.390869140625 69545.01395972492 1469
290 12.2 79495.18907090482 31063.5708747537 186138.88696289063 4139.390869140625 70542.63416518347 1589
300 12.7 82659.10246409017 30844.632028635064 187662.93505859375 4139.390869140625 71180.98115436992 1711
310 11 87181.69135742189 26184.888773913277 187662.93505859375 4139.390869140625 71974.08311646702 1838
320 13.9 87232.09901922215 24096.96511293777 187662.93505859375 4139.390869140625 72832.82896169549 1948
330 11 93560.83686301492 24966.15921443752 187662.93505859375 4139.390869140625 73791.86036466445 2087
340 14.1 105462.901095343 24202.374042444462 212900.55883789063 4139.390869140625 74781.65891487773 2197
350 9.8 110557.34807726802 22729.175797718945 212900.55883789063 4139.390869140625 76631.98190351998 2338
360 13 119542.5203481821 24731.238061592765 212900.55883789063 4139.390869140625 77996.7954852225 2436
