10 9.56796875 9.56796875
20 9.8671875 19.43515625
30 10.89375 30.32890625
40 46.57890625 76.9078125
50 47.3296875 124.2375
60 47.89453125 172.13203125
70 72.428125 244.56015625
80 100.04453125 344.6046875
90 97.48671875 442.09140625
100 120.296875 562.38828125
110 168.39921875 730.7875
120 178.4796875 909.2671875
130 229.18046875 1138.44765625
140 273.590625 1412.03828125
150 335.17578125 1747.2140625
160 434.5640625 2181.778125
170 373.5359375 2555.3140625
180 346.77734375 2902.09140625
190 362.3109375 3264.40234375
200 374.540625 3638.94296875
210 360.64609375 3999.5890625
220 340.91328125 4340.50234375
230 317.96171875 4658.4640625
240 322.82734375 4981.29140625
250 327.70625 5308.99765625
260 330.25078125 5639.2484375
270 344.696875 5983.9453125
280 348.7703125 6332.715625
290 333.82890625 6666.54453125
300 344.32265625 7010.8671875
310 316.81171875 7327.67890625
320 334.95625 7662.63515625
330 316.44609375 7979.08125
340 335.02265625 8314.10390625
350 324.834375 8638.93828125
360 328.29453125 8967.2328125
