10 479.57265625 479.57265625
20 632.4984375 1112.07109375
30 538.64765625 1650.71875
40 2915.18203125 4565.90078125
50 2612.57578125 7178.4765625
60 3060.78671875 10239.26328125
70 4179.03359375 14418.296875
80 4696.6375 19114.934375
90 5464.22421875 24579.15859375
100 5049.78203125 29628.940625
110 5436.9015625 35065.8421875
120 5487.24140625 40553.08359375
130 5733.0921875 46286.17578125
140 5812.21015625 52098.3859375
150 5634.6671875 57733.053125
160 5836.040625 63569.09375
170 6044.76875 69613.8625
180 6089.6078125 75703.4703125
190 5821.9421875 81525.4125
200 5592.15 87117.5625
210 6026.1703125 93143.7328125
220 6037.3640625 99181.096875
230 5380.30546875 104561.40234375
240 5629.25234375 110190.6546875
250 5336.41015625 115527.06484375
260 5742.23671875 121269.3015625
270 5581.38671875 126850.68828125
280 5497.50859375 132348.196875
290 5941.3609375 138289.5578125
300 5851.9140625 144141.471875
310 5518.896875 149660.36875
320 5571.65390625 155232.02265625
330 5841.88515625 161073.9078125
340 5355.009375 166428.9171875
350 5759.54140625 172188.45859375
360 5447.8046875 177636.26328125
